seed 1,seed 2,seed 3,seed 4,seed 5,seed 6,seed 7,seed 8,seed 9,seed 10,mean_reward,std_reward,upper,lower,timesteps
-1.8720687200000004,-1.6831454999999997,-1.8689430799999998,-1.7203917200000003,-1.8602509,-1.55732172,-1.84495006,-1.6485074599999998,-1.6026904400000004,-1.5981186199999997,-1.7256388219999999,0.987727042896821,-0.7379117791031794,-2.713365864896821,5000
-1.8631042400000002,-1.7117798199999998,-1.8655667999999996,-1.7090770800000004,-1.7894648000000002,-1.55510966,-1.84710342,-1.6260634399999998,-1.5533157600000005,-1.6219682799999995,-1.71425533,0.9869095895391069,-0.7273457404608934,-2.7011649195391065,5100
-1.8479696,-1.7450811199999998,-1.8683676199999997,-1.7212328200000004,-1.72216892,-1.51925668,-1.8306410800000001,-1.6307533199999997,-1.5495655800000003,-1.5990309599999994,-1.70340677,0.9829100877160336,-0.7204966822839667,-2.686316857716034,5200
-1.81657978,-1.72113174,-1.8743014399999998,-1.7490978200000002,-1.71063028,-1.5846756199999998,-1.8081977599999999,-1.6106614,-1.5625886800000004,-1.6004253399999997,-1.703828986,0.99378492786984,-0.7100440581301604,-2.6976139138698403,5300
-1.82018338,-1.73048188,-1.89277686,-1.7486791000000002,-1.71204496,-1.5639582399999998,-1.82958628,-1.6168233799999998,-1.5464354600000005,-1.6050309599999997,-1.70660005,0.9919777931102987,-0.7146222568897018,-2.6985778431102987,5400
-1.8526572799999999,-1.7018379599999998,-1.9381543599999997,-1.7708781000000002,-1.7384179600000003,-1.58655576,-1.8496167600000002,-1.5803059799999997,-1.5868356200000002,-1.6002310199999996,-1.72054908,0.9980885162160408,-0.7224605637839597,-2.718637596216041,5500
-1.85533256,-1.6865423199999998,-1.9219034999999998,-1.76483544,-1.7238680000000002,-1.63368494,-1.8355726,-1.6329763999999998,-1.5847057000000004,-1.6057981199999996,-1.724521958,1.0088105920015158,-0.7157113659984848,-2.733332550001516,5600
-1.9120207,-1.7102333399999998,-1.8928510199999997,-1.7845045,-1.6783208600000004,-1.66047354,-1.8353310200000001,-1.6442880599999998,-1.5955916000000006,-1.6161455999999996,-1.7329760239999998,1.0205698586195726,-0.7124061653804279,-2.753545882619573,5700
-1.91531026,-1.6872657199999999,-1.9005700999999997,-1.80323104,-1.6536162000000005,-1.6389133599999999,-1.810617,-1.6422353399999998,-1.5930481000000003,-1.6058394999999992,-1.725064662,1.0164800625346138,-0.7085845994653868,-2.741544724534614,5800
-1.84038252,-1.7052443199999996,-1.8953260799999996,-1.8223717,-1.6649162000000004,-1.6504838999999998,-1.84342552,-1.6470846999999997,-1.5566820800000003,-1.5922425599999992,-1.7218159579999999,1.000754241145903,-0.7210617168540976,-2.7225701991459026,5900
-1.85006194,-1.6121432399999998,-1.8856576599999997,-1.81292062,-1.6873852200000004,-1.6297208199999997,-1.8367129000000002,-1.6671836399999997,-1.4935103800000002,-1.5866569399999992,-1.7061953360000002,0.9800361640003036,-0.7261591719996972,-2.686231500000303,6000
-1.80970214,-1.5566904999999998,-1.8705869999999996,-1.8339001000000001,-1.6818214400000004,-1.6573052399999997,-1.8000344000000001,-1.6891751999999998,-1.5171454200000003,-1.6330384599999994,-1.7049399900000004,0.9787348585385895,-0.7262051314614111,-2.683674848538589,6100
-1.83497524,-1.5657140199999997,-1.8742997199999996,-1.8709285000000002,-1.6789181000000004,-1.6540673199999998,-1.77478168,-1.6638437799999997,-1.6047628,-1.620759539999999,-1.7143050700000004,0.9976955394507252,-0.7166095305492753,-2.7120006094507243,6200
-1.7979937,-1.5671406599999997,-1.8615722599999995,-1.8714158200000002,-1.7221136800000005,-1.6555447399999996,-1.7419659200000002,-1.6284159799999995,-1.5786559400000002,-1.615166499999999,-1.70399852,1.0007962811342428,-0.7032022388657577,-2.7047948011342426,6300
-1.7792662199999998,-1.5955125,-1.8515170999999995,-1.8678960600000005,-1.7567860400000006,-1.6643979,-1.7752898799999999,-1.6063757199999995,-1.5979642600000004,-1.562313819999999,-1.7057319499999999,1.0004819003414083,-0.7052500496585924,-2.706213850341408,6400
-1.7776447199999998,-1.6188116199999998,-1.8870462399999994,-1.7801422600000008,-1.7650336000000006,-1.6719373999999996,-1.7447851600000002,-1.6324400399999996,-1.6048893200000003,-1.599047479999999,-1.708177784,0.9790762717459179,-0.7291015122540827,-2.687254055745918,6500
-1.7694526599999998,-1.6291471999999998,-1.8877230199999995,-1.7712221000000008,-1.765740360000001,-1.7300714999999998,-1.7668251000000001,-1.6277423799999997,-1.6504353000000003,-1.5934224199999991,-1.719178204,0.99138397652147,-0.7277942274785306,-2.71056218052147,6600
-1.7683600599999998,-1.6602762199999999,-1.8814825999999993,-1.7559317200000006,-1.777054200000001,-1.7149056399999996,-1.7302902199999999,-1.6841065199999996,-1.6542076600000004,-1.6134499199999994,-1.7240064760000002,0.9950351864957423,-0.7289712895042584,-2.7190416624957425,6700
-1.7460837399999998,-1.60401552,-1.8784938599999992,-1.7282975400000007,-1.7824151000000008,-1.6516977599999996,-1.6929641599999998,-1.6619464999999998,-1.6406102600000005,-1.5397139399999993,-1.6926238380000003,0.9846685018356571,-0.7079553361643437,-2.6772923398356574,6800
-1.7828202399999997,-1.61230436,-1.828234539999999,-1.7191548200000006,-1.755034100000001,-1.6371826999999997,-1.71396904,-1.6923728999999996,-1.6164210000000006,-1.5288206599999992,-1.6886314360000003,0.9861821305638171,-0.7024493054361838,-2.6748135665638175,6900
-1.80961986,-1.67723196,-1.844361499999999,-1.6846023200000004,-1.7636955200000008,-1.6255094799999994,-1.7183666400000002,-1.7114908399999995,-1.6204687800000004,-1.5249374399999993,-1.6980284340000003,0.9939718742181302,-0.7040565597818707,-2.6920003082181307,7000
-1.87683358,-1.67815246,-1.8838588199999993,-1.6747365200000004,-1.7883275400000007,-1.6368557999999995,-1.7684530800000002,-1.7089234799999995,-1.5625087400000006,-1.5227120799999994,-1.7101362100000004,1.0021983953682179,-0.7079378146317827,-2.7123346053682185,7100
-1.9229562199999999,-1.76345734,-1.8517436999999992,-1.6488395200000006,-1.798577780000001,-1.6409457799999996,-1.7672622600000003,-1.7312666999999993,-1.5770584200000004,-1.5167828399999996,-1.7218890560000002,1.022494763737584,-0.6993942922624166,-2.7443838197375845,7200
-1.90065194,-1.84269588,-1.8452945199999993,-1.6423373000000003,-1.740579620000001,-1.6126899599999995,-1.7142219400000003,-1.7629106199999993,-1.6054922000000005,-1.5702002399999995,-1.7237074220000002,1.0261683229340204,-0.6975390990659802,-2.7498757449340205,7300
-1.9114542799999998,-1.8717459599999997,-1.8246226799999994,-1.6556407400000004,-1.681953860000001,-1.6275881199999995,-1.70085064,-1.718551219999999,-1.6203817000000003,-1.4882353199999994,-1.7101024520000003,1.0111225458389586,-0.6989799061610421,-2.721224997838959,7400
-1.9476972399999997,-1.8423055,-1.8321550799999995,-1.6115889600000002,-1.685339360000001,-1.6198319799999996,-1.68743348,-1.705850439999999,-1.6159069000000001,-1.5518675799999997,-1.7099976520000004,1.0184432831297239,-0.6915543688702767,-2.728440935129724,7500
-1.9545919599999997,-1.8476481199999997,-1.8101592999999994,-1.6137192800000002,-1.679543880000001,-1.6257224799999996,-1.72765592,-1.728961899999999,-1.6288822200000002,-1.5481298199999998,-1.7165014880000005,1.0232070390062313,-0.6932944489937689,-2.739708527006232,7600
-1.9989051399999997,-1.8544083999999998,-1.7957358399999992,-1.6183551200000006,-1.7141958800000012,-1.5611010199999995,-1.7416687400000002,-1.7674602599999991,-1.6181813400000002,-1.5596291799999997,-1.7229640920000007,1.0314749953667937,-0.6914890966332063,-2.7544390873667943,7700
-2.0078552,-1.85608478,-1.8834732799999996,-1.6138672600000004,-1.7423749800000012,-1.5600841999999995,-1.7529622,-1.8353280399999992,-1.5898417000000002,-1.5439735199999998,-1.7385845160000004,1.0600142330855071,-0.678570282914493,-2.798598749085508,7800
-2.0597836399999996,-1.80392212,-1.8195195399999995,-1.5827900200000002,-1.7187506400000014,-1.5386302599999997,-1.7599624600000001,-1.863098859999999,-1.5836196400000002,-1.54226096,-1.7272338140000005,1.0549574139341562,-0.672276400065844,-2.782191227934157,7900
-2.0829561199999995,-1.7961460400000002,-1.8017428399999995,-1.5407619800000003,-1.7406639800000014,-1.5561239599999996,-1.8308602000000003,-1.884964739999999,-1.5394837400000003,-1.55479096,-1.7328494560000005,1.0540457025430434,-0.678803753456957,-2.7868951585430444,8000
-2.0670185599999993,-1.7942032,-1.7666883599999994,-1.5424107400000002,-1.8123937000000012,-1.5959023599999997,-1.8166582800000004,-1.895006059999999,-1.5765353600000003,-1.5513926999999998,-1.7418209320000004,1.0609065026850264,-0.6809144293149738,-2.802727434685027,8100
-2.0982486599999994,-1.78518842,-1.7238075799999992,-1.5704812000000004,-1.8010285000000013,-1.5804804999999995,-1.8015422000000003,-1.8984119799999988,-1.5588584200000002,-1.5513630799999998,-1.7369410540000008,1.0614026322456833,-0.675538421754317,-2.7983436862456834,8200
-2.0920760799999996,-1.7942349,-1.6853951399999993,-1.5628242000000006,-1.8164990200000013,-1.5777778999999996,-1.8074262400000003,-1.8990115399999987,-1.5487990600000003,-1.5896175,-1.7373661580000006,1.0673749998249351,-0.6699911581750654,-2.8047411578249353,8300
-2.1399822399999997,-1.86418116,-1.6749205599999994,-1.5985934800000008,-1.7936625800000012,-1.5829594599999997,-1.8097628200000002,-1.8885637199999987,-1.5252744000000005,-1.5206630799999998,-1.7398563500000006,1.0675508677894239,-0.6723054822105766,-2.8074072177894243,8400
-2.14414618,-1.89402646,-1.6825378799999995,-1.5822560400000005,-1.7080786000000012,-1.5723064399999995,-1.7882753600000003,-1.9334854999999989,-1.5170608400000005,-1.5713852999999998,-1.7393558600000005,1.0619630001600822,-0.6773928598399181,-2.8013188601600825,8500
-2.0646676599999996,-1.8954496,-1.6460696399999997,-1.5985278400000007,-1.7144682800000013,-1.6521576199999997,-1.7023207400000004,-1.9087768199999986,-1.4821305200000006,-1.6065495599999997,-1.7271118280000008,1.05000513419424,-0.6771066938057604,-2.77711696219424,8600
-2.0335305399999997,-1.9141815800000002,-1.62498836,-1.5927001400000007,-1.710229000000001,-1.6407285399999996,-1.6977258800000004,-1.9003679599999983,-1.5342665000000009,-1.6357146999999994,-1.7284433200000007,1.0476926873455437,-0.6807506326544568,-2.776136007345544,8700
-2.00909354,-1.8917267000000002,-1.6665503399999997,-1.5825463800000006,-1.7131366000000012,-1.6030767399999997,-1.6403176400000004,-1.9323614199999986,-1.5328058000000007,-1.6577946999999995,-1.7229409860000005,1.0545077054545287,-0.6684332805454719,-2.777448691454529,8800
-1.9872449399999998,-1.8970795599999999,-1.6770822599999997,-1.5735834000000006,-1.7393227600000012,-1.6619679799999998,-1.6079628600000004,-1.9455746799999987,-1.5096681200000006,-1.6793548199999995,-1.7278841380000005,1.0634462292752724,-0.6644379087247279,-2.7913303672752727,8900
-1.93114724,-1.90032042,-1.6574884999999997,-1.6512370800000005,-1.721703040000001,-1.6869272999999998,-1.5941369400000003,-1.9656111199999986,-1.4954799800000007,-1.6752115199999995,-1.7279263140000005,1.0792098537690427,-0.648716460230958,-2.8071361677690425,9000
-1.91243812,-1.9196262,-1.7010521199999997,-1.6561286600000005,-1.741301060000001,-1.66663354,-1.6506906399999999,-1.9330175399999985,-1.4538733200000005,-1.6574420199999995,-1.7292203220000004,1.082417513036188,-0.6468028089638126,-2.811637835036188,9100
-1.8805106999999999,-1.9249838599999998,-1.7205691599999997,-1.6930687800000004,-1.6703583400000008,-1.6404317,-1.66502426,-1.9963728399999985,-1.4473040800000003,-1.6285077999999995,-1.7267131520000003,1.088988497991407,-0.6377246540085934,-2.815701649991407,9200
-1.9245094399999996,-1.9139763599999997,-1.6939175999999998,-1.7438634600000007,-1.6462401000000009,-1.6318364000000003,-1.66708426,-2.0331476399999984,-1.4290756400000004,-1.6748429599999997,-1.7358493860000004,1.0974087390686036,-0.6384406469313969,-2.8332581250686037,9300
-1.99028396,-1.8557481999999998,-1.71795222,-1.7510973400000005,-1.7017740200000009,-1.6368927200000005,-1.65907162,-2.0609338999999984,-1.4630319000000003,-1.6860030799999999,-1.7522788960000006,1.1054265285258755,-0.646852367474125,-2.857705424525875,9400
-1.9752566399999998,-1.82175702,-1.7196750399999998,-1.7542870800000006,-1.7451628600000006,-1.6155491000000004,-1.6715476,-2.0545786799999983,-1.4679895800000002,-1.67111854,-1.7496922140000006,1.1156690871689094,-0.6340231268310913,-2.865361301168909,9500
-1.9533028199999998,-1.83641684,-1.7198945799999998,-1.7678136000000007,-1.7854910800000008,-1.6249913600000006,-1.69825954,-2.0652004199999983,-1.5164937800000005,-1.6853806199999999,-1.7653244640000005,1.1136721865722357,-0.6516522774277651,-2.8789966505722355,9600
-1.9962051999999997,-1.8104750200000002,-1.7205423599999998,-1.7606385800000004,-1.7717490800000006,-1.5964173600000005,-1.664675,-2.0428114599999985,-1.5419808000000004,-1.6682817600000002,-1.7573776620000006,1.1202868504635544,-0.6370908115364462,-2.877664512463554,9700
-1.9852445999999997,-1.7966502800000002,-1.71160518,-1.8255072000000003,-1.7833257400000009,-1.5950311800000003,-1.6279318999999999,-2.0153223199999983,-1.5154436400000002,-1.6813270200000003,-1.7537389060000006,1.1277457573184466,-0.6259931486815539,-2.8814846633184463,9800
-1.9541976399999996,-1.8075860000000004,-1.71851244,-1.8320470400000004,-1.7053010000000006,-1.5945366800000003,-1.6080634,-1.9819733599999987,-1.5089785400000002,-1.6793382800000003,-1.739053438000001,1.1193447620699821,-0.6197086759300183,-2.858398200069982,9900
-1.9337128999999993,-1.8593942400000003,-1.6746285,-1.8300081000000004,-1.6800847800000005,-1.5979970800000003,-1.62619882,-1.9785290999999987,-1.53012538,-1.6781832400000005,-1.738886214000001,1.1084694788306901,-0.6304167351693103,-2.8473556928306905,10000
-1.9223004999999995,-1.8140995000000002,-1.63246916,-1.8167477600000002,-1.7054920200000003,-1.6210211200000004,-1.66304726,-2.000525639999999,-1.60204538,-1.6594968800000007,-1.7437245220000008,1.1092014193204554,-0.6345231026795451,-2.8529259413204557,10100
-1.9240008999999996,-1.8313309000000002,-1.66600412,-1.7861821,-1.7218037400000004,-1.6182154200000003,-1.6607598199999998,-1.9974055999999987,-1.6202306000000002,-1.6636490000000008,-1.748958220000001,1.1106826744524343,-0.638275545547566,-2.8596408944524345,10200
-1.9214077399999996,-1.84306006,-1.6601910999999998,-1.7737220200000001,-1.7347158600000003,-1.5859140800000002,-1.6543584999999998,-1.9820965399999986,-1.6325804800000001,-1.657271720000001,-1.744531810000001,1.1038944553336587,-0.6406373546663419,-2.848426265333659,10300
-1.9909077,-1.8494652999999999,-1.6558337399999996,-1.7569357600000002,-1.7650135400000004,-1.5957983800000002,-1.6666868199999998,-1.9949122999999986,-1.6273217199999999,-1.6737156200000007,-1.757659088000001,1.1171153375949,-0.6405437504051007,-2.8747744255948997,10400
-2.0124193,-1.8674657199999998,-1.6197121399999999,-1.76469762,-1.8055788800000006,-1.6022319200000001,-1.6340947,-2.026708579999999,-1.5943417199999999,-1.6589807400000007,-1.7586231320000008,1.1206412666634413,-0.6379818653365592,-2.8792643986634414,10500
-2.0590026800000003,-1.88322398,-1.6699112799999998,-1.7839643600000001,-1.8333399800000003,-1.56294724,-1.63563358,-2.0783727999999986,-1.6011178,-1.6743380200000006,-1.7781851720000006,1.1319517705755537,-0.6462334014244467,-2.9101369425755537,10600
-1.9733227800000004,-1.8223743399999999,-1.7435572599999998,-1.75744966,-1.8665476800000003,-1.56744838,-1.6222531599999999,-2.0544661599999987,-1.6179689799999997,-1.729767080000001,-1.7755155480000007,1.1293846840496153,-0.6461308639503853,-2.904900232049615,10700
-1.9673563200000004,-1.8318252199999998,-1.76543758,-1.78741174,-1.89497332,-1.54652082,-1.61924382,-2.0587050999999987,-1.6320420399999997,-1.7693610600000012,-1.7872877020000006,1.141215718765553,-0.6460719832344476,-2.928503420765553,10800
-1.9433756000000002,-1.8568326199999998,-1.8296252999999998,-1.77474088,-1.9066041200000001,-1.55936644,-1.5890880599999997,-2.0700503399999985,-1.6366242199999999,-1.780666320000001,-1.7946973900000005,1.1493465856264955,-0.6453508043735051,-2.9440439756264953,10900
-1.9509051200000003,-1.8334895999999998,-1.8434669399999999,-1.7625678399999998,-1.88771684,-1.53869196,-1.6281780599999995,-2.0421496799999987,-1.6606321599999998,-1.761491480000001,-1.7909289680000007,1.1525119076514934,-0.6384170603485072,-2.9434408756514934,11000
-1.9481444200000002,-1.91928802,-1.86441196,-1.7415677799999998,-1.8860557599999999,-1.5474184,-1.6222023399999999,-2.0409951199999985,-1.5856415599999998,-1.7733180600000011,-1.7929043420000006,1.1578088224659573,-0.6350955195340433,-2.9507131644659568,11100
-1.9467912200000004,-1.8589899599999997,-1.8687014,-1.7264914399999998,-1.9057661799999996,-1.5643985599999999,-1.6154469799999998,-2.098466079999999,-1.5318160399999998,-1.7633434600000013,-1.7880211320000006,1.1499088123208379,-0.6381123196791627,-2.937929944320838,11200
-1.9583229200000005,-1.9269439999999998,-1.87770182,-1.7333373799999998,-1.8906420199999996,-1.5724966799999998,-1.6592554399999997,-2.096106519999999,-1.5225824599999997,-1.7818546000000013,-1.8019243840000008,1.151591193322635,-0.6503331906773656,-2.953515577322635,11300
-1.9710917200000007,-1.9526990999999996,-1.8755453199999998,-1.7659725999999998,-1.8247009399999996,-1.5850696599999998,-1.6505161199999998,-2.1506471399999985,-1.5241963399999998,-1.7963286600000012,-1.8096767600000008,1.1490886843763528,-0.6605880756236476,-2.9587654443763522,11400
-1.9897430800000004,-1.9346335599999995,-1.8795223200000002,-1.7371969599999997,-1.8205546199999998,-1.5893026399999999,-1.6599607999999997,-2.1529860199999984,-1.5447730199999998,-1.8364957600000014,-1.8145168780000005,1.1502763300131325,-0.6642405479868682,-2.964793208013132,11500
-2.0179736200000007,-1.9245458799999995,-1.88261016,-1.7678274399999996,-1.8453906599999996,-1.5119023999999999,-1.62855318,-2.162988979999999,-1.5127754999999996,-1.8711223800000014,-1.8125690200000006,1.146623204051728,-0.6659458159482725,-2.959192224051727,11600
-2.0156105000000006,-1.9377670199999995,-1.89244534,-1.7536217199999995,-1.8731997799999995,-1.49876172,-1.64739362,-2.1307214799999987,-1.5267433599999995,-1.8697801000000012,-1.8146044640000005,1.1481849552264207,-0.6664195087735797,-2.9627894192264197,11700
-2.0641374600000004,-1.9758687199999994,-1.89102134,-1.7564976999999997,-1.8640847199999997,-1.5089810799999999,-1.6542370000000002,-2.1541164599999987,-1.5108038999999998,-1.9146469600000016,-1.8294395340000003,1.1515470976742541,-0.6778924363257463,-2.9809866316742535,11800
-2.0294958000000007,-1.9508337999999994,-1.9344924400000003,-1.7785967199999997,-1.8389695599999996,-1.4917933399999999,-1.6323321000000002,-2.1198031599999987,-1.5190709399999998,-1.9330918600000013,-1.8228479720000004,1.1523416279195882,-0.6705063440804121,-2.9751895999195876,11900
-1.9948549800000006,-1.8942796799999995,-1.9391222800000003,-1.7862865999999997,-1.8256642399999996,-1.5144279799999998,-1.6241740000000002,-2.088112259999999,-1.5016755599999996,-1.9270123400000012,-1.8095609920000004,1.1457154080165008,-0.6638455839834994,-2.9552764000165,12000
-1.9401508400000005,-1.9029754799999992,-1.9319684600000002,-1.7595041199999997,-1.8628536199999997,-1.5173383199999997,-1.55980968,-2.092264039999999,-1.5417250199999994,-1.918085200000001,-1.8026674780000003,1.1370207970000363,-0.6656466809999639,-2.939688275000036,12100
-1.9106100600000007,-1.8438334399999992,-1.96530022,-1.8492526999999996,-1.8880215199999997,-1.5392431199999999,-1.57810476,-2.0577786399999987,-1.5853172999999996,-1.9171194800000009,-1.8134581240000003,1.1289139812880824,-0.684544142711918,-2.9423721052880825,12200
-1.8935078200000006,-1.7408105999999992,-2.00303868,-1.8437677599999995,-1.8937916599999998,-1.55725406,-1.6139400999999998,-2.0248395799999988,-1.5830437799999997,-1.873251060000001,-1.8027245100000004,1.1156710291383245,-0.6870534808616761,-2.9183955391383245,12300
-1.8787864000000007,-1.6988281599999993,-2.00876346,-1.8482577599999996,-1.9306724199999996,-1.5607786799999999,-1.6350236199999997,-2.011666299999999,-1.5485322799999994,-1.8565855000000007,-1.7977894580000002,1.114375404673171,-0.6834140533268297,-2.9121648626731713,12400
-1.8938365200000007,-1.7260149799999993,-1.9954809199999999,-1.8474367399999994,-1.9207430199999995,-1.5635264999999998,-1.6708668599999998,-2.030954519999999,-1.5798127399999995,-1.780855880000001,-1.8009528680000002,1.1115192300215175,-0.6894336379784833,-2.9124720980215177,12500
-1.871424940000001,-1.7447245599999994,-1.98275874,-1.8604549999999995,-1.9217060999999995,-1.6240019599999997,-1.6544686199999998,-2.008488059999999,-1.5182824199999996,-1.7775593600000008,-1.7963869760000002,1.117772692592865,-0.6786142834071357,-2.9141596685928652,12600
-1.8200050200000006,-1.7307011399999994,-1.9807596199999997,-1.8987472199999993,-1.9158605399999997,-1.6340880199999999,-1.6346039199999998,-1.958571059999999,-1.5222868399999996,-1.7685614800000007,-1.7864184860000003,1.1037743561483324,-0.6826441298516684,-2.890192842148333,12700
-1.8174198200000007,-1.7412990599999991,-1.83662336,-1.9239329599999992,-1.9035100799999995,-1.6455151799999999,-1.6676299399999996,-1.9190378399999992,-1.5178879599999997,-1.8036116800000004,-1.7776467880000004,1.0730036524533575,-0.7046431355466435,-2.8506504404533577,12800
-1.7695038400000007,-1.8266362399999991,-1.8423170999999996,-1.9281366599999992,-1.8324964399999992,-1.64016916,-1.6606816799999995,-1.9135531199999993,-1.5734213799999999,-1.8384610200000007,-1.7825376640000001,1.081656412899637,-0.7008812511003637,-2.8641940768996377,12900
-1.7665150200000008,-1.8165569399999992,-1.8483904599999996,-1.9403901199999993,-1.8127548399999995,-1.63054484,-1.6192022799999994,-1.8805961399999993,-1.59994024,-1.8243545800000005,-1.7739245460000004,1.0724553253927918,-0.701469220607209,-2.8463798713927924,13000
-1.7844366000000007,-1.8564838999999995,-1.8569052399999995,-1.9694542199999991,-1.7411067799999995,-1.6194047799999998,-1.6782121599999997,-1.8542601399999992,-1.61949276,-1.8289279200000004,-1.7808684500000005,1.07552099344392,-0.7053474565560807,-2.8563894434439208,13100
-1.7404361600000007,-1.8912401599999995,-1.8618158799999995,-1.9443746399999993,-1.7642068399999993,-1.6197639000000001,-1.6596161199999997,-1.8450159399999992,-1.66409076,-1.8754532600000005,-1.7866013660000004,1.0827027533816915,-0.703898612618309,-2.8693041193816926,13200
-1.7363257800000005,-1.8650172199999997,-1.8620508199999994,-1.982485759999999,-1.7755660399999993,-1.6384339200000002,-1.6208744399999997,-1.8547479199999992,-1.6665334399999998,-1.8390194800000004,-1.7841054820000002,1.0764521599202521,-0.7076533220797484,-2.8605576419202534,13300
-1.7166453400000006,-1.8098871799999998,-1.8559406799999996,-1.964920499999999,-1.7848548799999995,-1.64843164,-1.6624596399999998,-1.8387978999999992,-1.7017061199999999,-1.8648098000000002,-1.7848453680000003,1.0740202474375624,-0.7108251205624382,-2.8588656154375633,13400
-1.7383387800000005,-1.8058864399999996,-1.8845071399999995,-1.971487779999999,-1.8054130599999996,-1.65330578,-1.6922697599999998,-1.883567199999999,-1.7363456599999998,-1.8634866800000003,-1.8034608280000004,1.074907572539284,-0.7285532554607166,-2.878368400539285,13500
-1.7649133600000004,-1.8086320599999997,-1.8678917199999996,-1.9394682399999992,-1.7863157399999998,-1.5812148400000001,-1.7243893399999997,-1.8587370999999993,-1.7648689199999998,-1.8446424600000002,-1.7941073780000003,1.0690011952423486,-0.7251061827576522,-2.863108573242349,13600
-1.8388916400000006,-1.8154280199999997,-1.9260566999999995,-1.9668638199999993,-1.8003947599999999,-1.57213808,-1.6934766399999999,-1.8426532999999992,-1.71298366,-1.8664956800000005,-1.8035382300000002,1.0827576371793721,-0.7207805928206286,-2.886295867179373,13700
-1.8572015600000007,-1.8502850199999998,-1.8960263799999995,-1.9603335799999995,-1.7995781599999998,-1.57413064,-1.7059049399999997,-1.8192262599999993,-1.70805152,-1.8376903000000004,-1.8008428360000004,1.07414322975242,-0.7266996062475805,-2.874986065752421,13800
-1.8790860800000004,-1.8423851,-1.9049122599999995,-1.9651938999999994,-1.7599164799999998,-1.53941802,-1.7565797199999997,-1.8288410599999991,-1.73048266,-1.7676027800000005,-1.7974418060000006,1.0622588561446613,-0.7351829498553393,-2.8597006621446623,13900
-1.9265318200000003,-1.8154762199999999,-1.9364495199999996,-1.8769577599999994,-1.7845435799999998,-1.53180162,-1.7596360599999996,-1.842020659999999,-1.7313183799999998,-1.7951984600000006,-1.7999934080000006,1.0453889401486978,-0.7546044678513028,-2.845382348148698,14000
-1.9359681600000005,-1.79897016,-1.9007826799999996,-1.8813915599999993,-1.76595636,-1.51669978,-1.7066941999999998,-1.8753035599999992,-1.7285257,-1.7917363800000006,-1.7902028540000006,1.0354696451182457,-0.7547332088817549,-2.8256724991182463,14100
-1.9336111000000005,-1.8538864600000002,-1.8677035199999994,-1.8316503599999994,-1.8449777,-1.5329994999999998,-1.6831783599999997,-1.8308669599999994,-1.7165393000000002,-1.7995409000000007,-1.7894954160000005,1.035356855008988,-0.7541385609910126,-2.8248522710089885,14200
-1.9186325600000007,-1.8974867600000003,-1.8957055799999991,-1.8249006199999993,-1.8540186,-1.5923804399999997,-1.6708170599999996,-1.8074784599999993,-1.7630758400000002,-1.8029302000000007,-1.8027426120000003,1.0291898847205772,-0.7735527272794235,-2.8319324967205772,14300
-1.8513014800000005,-1.89784342,-1.881524919999999,-1.8624580799999992,-1.83885324,-1.6182534999999996,-1.6856399799999997,-1.7914951599999993,-1.7283479400000001,-1.8586768600000005,-1.8014394580000004,1.0249869834013148,-0.7764524745986858,-2.826426441401315,14400
-1.8744979400000006,-1.91442124,-1.902401739999999,-1.8608965599999994,-1.8550087000000002,-1.6521166399999996,-1.6410701199999997,-1.7717570599999994,-1.7266569200000002,-1.8488973600000003,-1.8047724280000004,1.019645907503685,-0.7851265204963157,-2.8244183355036854,14500
-1.9072298600000004,-1.88267606,-1.9096733199999991,-1.8695809799999992,-1.8352249800000002,-1.6126430599999995,-1.6070696599999996,-1.7616486999999992,-1.7128955,-1.8335389000000004,-1.7932181020000002,1.02685217764471,-0.7663659243552907,-2.82007027964471,14600
-1.8607002800000005,-1.87948936,-1.8885891799999994,-1.8735360199999993,-1.81411686,-1.6371799999999996,-1.6429208599999996,-1.7543508999999993,-1.7222359,-1.8586305600000004,-1.7931749920000002,1.0161099539163085,-0.7770650380836921,-2.8092849459163087,14700
-1.8302994200000007,-1.86765276,-1.8377321799999993,-1.8035783399999994,-1.83862384,-1.6506707799999996,-1.6574620399999997,-1.7954405999999992,-1.7214701599999997,-1.8363944400000003,-1.7839324560000003,1.0003724110205912,-0.7835600449794095,-2.784304867020591,14800
-1.8385521400000007,-1.8719509399999998,-1.7878116399999993,-1.7745150399999994,-1.81933942,-1.6734343199999995,-1.6404205199999995,-1.8353636199999992,-1.7175595,-1.8690002000000001,-1.7827947340000003,1.0019215009026607,-0.78087323309734,-2.784716234902661,14900
-1.817951160000001,-1.8718599799999998,-1.7519330599999996,-1.8207540199999994,-1.87930338,-1.6788597999999992,-1.6428946999999996,-1.8182582999999992,-1.68490864,-1.8679923200000002,-1.7834715360000002,1.0126320687309458,-0.770839467269055,-2.796103604730946,15000
-1.863161260000001,-1.93674858,-1.7955540399999996,-1.8247240999999994,-1.96462994,-1.7353792799999994,-1.6071755999999997,-1.828564619999999,-1.6310266399999997,-1.86841362,-1.8055377680000004,1.022603880651723,-0.7829338873482778,-2.828141648651723,15100
-1.8890820800000008,-1.9176482799999999,-1.7395601999999994,-1.8077358399999994,-1.97607232,-1.7376117199999994,-1.6280318999999996,-1.844327779999999,-1.6163927999999999,-1.8854926999999997,-1.804195562,1.0161317505643543,-0.7880638114356464,-2.8203273125643538,15200
-1.926599100000001,-1.9343846199999999,-1.7452482999999994,-1.7852767399999994,-1.9567342000000003,-1.7884052199999994,-1.6254612999999998,-1.8561891199999991,-1.61180048,-1.8940564999999998,-1.812415558,1.0291488021481014,-0.7832667558518992,-2.8415643601481015,15300
-1.8386541000000005,-1.9086161799999999,-1.7486497399999996,-1.7973816199999992,-1.9405188600000003,-1.7559639599999994,-1.6170583599999997,-1.845203319999999,-1.65795746,-1.90380994,-1.801381354,1.0122267094968689,-0.7891546445031318,-2.8136080634968685,15400
-1.7799968600000005,-1.91207362,-1.7521522399999996,-1.8182742399999992,-1.8827040200000003,-1.7687759799999996,-1.6503019799999996,-1.837099639999999,-1.6681320800000004,-1.96679224,-1.80363029,1.010321795646821,-0.79330849435318,-2.8139520856468203,15500
-1.7867282000000007,-1.9260760199999998,-1.7487324199999994,-1.821862099999999,-1.8651417600000002,-1.7566380199999996,-1.6498742799999997,-1.739492479999999,-1.6927776200000002,-1.9193176200000002,-1.7906640520000001,1.0007192136589227,-0.7899448383410781,-2.7913832656589226,15600
-1.8195312200000007,-1.9321672199999997,-1.7213269999999994,-1.8380771199999992,-1.9071309000000003,-1.7614517199999995,-1.7095636799999996,-1.7376613399999992,-1.7025998000000004,-1.8451452600000002,-1.797465526,0.9977919466287127,-0.7996735793712881,-2.795257472628713,15700
-1.8075902000000006,-1.9135142799999998,-1.7036931399999995,-1.8060764799999993,-1.8818763200000004,-1.7782426599999996,-1.7449827999999998,-1.7302284999999993,-1.6784613000000004,-1.79869034,-1.7843356019999999,0.9855379042598018,-0.798797697740199,-2.7698735062598017,15800
-1.8472304400000008,-1.8825509399999996,-1.6684816999999996,-1.8087499599999992,-1.8716026800000003,-1.7279686799999998,-1.79357114,-1.7649417999999992,-1.6608832200000003,-1.8215607,-1.7847541259999997,0.9868173547673816,-0.7979367712326193,-2.7715714807673817,15900
-1.8205493800000008,-1.8883061199999998,-1.6458869999999997,-1.814401699999999,-1.8461948000000004,-1.7648428200000001,-1.7754702199999999,-1.781667859999999,-1.6369646600000005,-1.81190846,-1.7786193019999996,0.983340512661586,-0.7952787893384151,-2.7619598146615862,16000
-1.8496174400000007,-1.8178247799999996,-1.6602641599999997,-1.8173651199999992,-1.8460491800000005,-1.75080308,-1.8050096399999997,-1.7709303599999993,-1.6394973000000004,-1.7634937799999997,-1.7720854839999995,0.9708650498308999,-0.801220434169101,-2.742950533830901,16100
-1.8721607600000005,-1.8662120599999996,-1.6775263399999993,-1.7717500599999991,-1.8440591800000008,-1.7080368400000001,-1.7972637599999999,-1.707378459999999,-1.6233803400000002,-1.7502686399999996,-1.7618036439999996,0.9650575795634656,-0.7967460644365354,-2.7268612235634664,16200
-1.8989938400000002,-1.8038506799999998,-1.7051700599999995,-1.749711159999999,-1.8010935600000009,-1.70148908,-1.75954178,-1.716440319999999,-1.6448599800000003,-1.7594617399999999,-1.7540612199999996,0.9619565173648009,-0.7921047026352003,-2.7160177373648016,16300
-1.9117365600000003,-1.7752380399999999,-1.7382185599999993,-1.708373939999999,-1.8268620600000007,-1.71056904,-1.72555726,-1.693133099999999,-1.6602866800000005,-1.7915500799999997,-1.7541525319999998,0.9640742131187102,-0.7900783188812909,-2.7182267451187108,16400
-1.8804486400000004,-1.7944965199999998,-1.7394227999999992,-1.7195058999999988,-1.8376904600000006,-1.72532986,-1.78079702,-1.664791339999999,-1.6678962000000004,-1.7765986599999997,-1.7586977399999997,0.9589666367840115,-0.7997311032159895,-2.717664376784012,16500
-1.8665565000000004,-1.8061146,-1.7491499799999992,-1.696408319999999,-1.8215129800000005,-1.7398525999999999,-1.7930005,-1.649904359999999,-1.6657848000000004,-1.8172929599999994,-1.7605577599999997,0.9609964958867464,-0.7995612641132547,-2.7215542558867467,16600
-1.8609490400000004,-1.7609378599999999,-1.745893099999999,-1.7489301999999989,-1.7782851400000006,-1.7534526799999997,-1.77457834,-1.6464628799999992,-1.6616952200000006,-1.8322937199999996,-1.7563478179999998,0.9579939416016393,-0.7983538763983619,-2.7143417596016395,16700
-1.8476198400000003,-1.76000038,-1.765401819999999,-1.786403859999999,-1.8203669000000007,-1.7514752199999999,-1.7913895599999998,-1.632611499999999,-1.6636953600000004,-1.8208717799999994,-1.763983622,0.9621462952250573,-0.8018373267749439,-2.7261299172250575,16800
-1.8644274200000004,-1.8085853799999998,-1.766130479999999,-1.808962759999999,-1.8364240200000008,-1.7870518599999996,-1.7761099999999999,-1.6578293999999991,-1.7005816400000002,-1.8123643999999997,-1.7818467359999999,0.9651156194114803,-0.8167311165885208,-2.7469623554114806,16900
-1.8897132200000002,-1.7966803199999999,-1.7821205199999988,-1.8258824799999989,-1.8230704000000009,-1.7828690799999998,-1.76605164,-1.669072819999999,-1.7437663200000006,-1.8058951999999997,-1.7885122000000002,0.9682493180763996,-0.8202628819236017,-2.7567615180764,17000
-1.9143887600000002,-1.80256198,-1.7340003199999987,-1.8311895999999988,-1.8004334400000008,-1.7958805399999997,-1.7721128199999998,-1.695264419999999,-1.7357757000000007,-1.8560558199999997,-1.7937663400000003,0.9721432943923218,-0.8216230456076794,-2.765909634392323,17100
-1.9311229400000003,-1.7792875999999997,-1.728355659999999,-1.7782808999999988,-1.7602285400000008,-1.7930525199999996,-1.76656364,-1.6865244999999993,-1.6878982400000007,-1.8513110399999997,-1.7762625580000002,0.9595185391844403,-0.8167440188155608,-2.7357810971844407,17200
-1.9095099000000002,-1.8097274199999998,-1.695791259999999,-1.797521319999999,-1.777820280000001,-1.7958344999999998,-1.7475433600000003,-1.6882836399999994,-1.6566066400000006,-1.8738083599999995,-1.7752446680000002,0.9538071239093309,-0.8214375440906702,-2.7290517919093316,17300
-1.88348758,-1.8433116999999999,-1.683703459999999,-1.7965516199999991,-1.7674443600000007,-1.7758033999999998,-1.74825114,-1.7407036999999994,-1.6795843400000008,-1.8777478199999995,-1.7796589120000004,0.9553373562119535,-0.8243215557880476,-2.734996268211954,17400
-1.85797578,-1.82021336,-1.6937254399999988,-1.8348424999999993,-1.7905894000000007,-1.81225988,-1.76083874,-1.723579439999999,-1.6876099600000005,-1.8868905399999998,-1.7868525040000005,0.956033326203797,-0.830819177796204,-2.742885830203798,17500
-1.90305398,-1.8377116599999999,-1.769081039999999,-1.791576019999999,-1.7778933800000007,-1.78499426,-1.7337674,-1.717992659999999,-1.6999205000000006,-1.8978045399999999,-1.7913795440000007,0.9591354813477101,-0.8322440626522911,-2.750515025347711,17600
-1.93007968,-1.8429118199999999,-1.7946458799999987,-1.761360359999999,-1.7704764800000006,-1.7944974999999999,-1.73724716,-1.7148250799999991,-1.7367562800000005,-1.9372559200000001,-1.8020056160000006,0.9667967596637407,-0.8352088563362605,-2.7688023756637414,17700
-1.9144958,-1.86878162,-1.8252887399999986,-1.7631478199999993,-1.7892163800000005,-1.80815138,-1.70652262,-1.6972814799999991,-1.7618923600000003,-1.95163766,-1.8086415860000005,0.9609941332677839,-0.8476474527322172,-2.769635719267785,17800
-1.9334087,-1.79060482,-1.8463567799999987,-1.7934891999999993,-1.8238801200000005,-1.8288232399999997,-1.67886288,-1.7321479799999993,-1.7427470200000004,-1.9000574000000001,-1.8070378140000003,0.9513869895731006,-0.8556508244269004,-2.758424803573102,17900
-1.90797108,-1.82447962,-1.8663584399999988,-1.7589531599999992,-1.8492409400000005,-1.8013038399999997,-1.6737440600000002,-1.7175058599999995,-1.7390292600000004,-1.9018023400000001,-1.8040388600000004,0.960012654889557,-0.844026205110444,-2.7640515148895584,18000
-1.90729666,-1.8247141799999997,-1.8684781799999988,-1.7421366199999992,-1.8525327200000006,-1.76602592,-1.6016889600000002,-1.7323971199999995,-1.6785968400000002,-1.9150718,-1.7888939000000001,0.9441744796628793,-0.8447194203371218,-2.73306837966288,18100
-1.9155268,-1.8004208399999997,-1.856877379999999,-1.7321579799999989,-1.8323796200000007,-1.7879723599999997,-1.6599766400000002,-1.7512415799999994,-1.6915875600000003,-1.86125418,-1.788939494,0.944401995828665,-0.8445374981713362,-2.7333414898286663,18200
-1.9131932400000002,-1.8672875599999994,-1.8604289599999988,-1.6929194199999988,-1.8309549000000007,-1.7626140399999997,-1.6560521600000002,-1.7788727999999994,-1.7105343600000007,-1.8606772599999999,-1.7933534700000002,0.9549881892510719,-0.8383652807489292,-2.748341659251073,18300
-1.9226807600000004,-1.8548909199999994,-1.8585716799999985,-1.681286619999999,-1.8386905000000007,-1.6995269,-1.6207262400000002,-1.7783782199999996,-1.6965960000000007,-1.86573364,-1.781708148,0.9511710154719721,-0.830537132528029,-2.7328791634719733,18400
-1.9156324400000002,-1.8209221399999995,-1.8138212399999987,-1.717581539999999,-1.8652304800000004,-1.7044844999999997,-1.6299699200000004,-1.6912095799999998,-1.7016219000000006,-1.84893044,-1.7709404180000001,0.9495776979557243,-0.8213627200442768,-2.7205181159557257,18500
-1.8919134800000004,-1.8257920999999997,-1.8509808799999985,-1.756111919999999,-1.8610848400000004,-1.6963387199999997,-1.6123472400000005,-1.7372155999999996,-1.6986851000000007,-1.8561284200000001,-1.7786598300000003,0.9486836885525247,-0.8299761414474763,-2.7273435185525265,18600
-1.7995816600000003,-1.8292555599999993,-1.7868713799999987,-1.731177659999999,-1.8605502200000004,-1.7212159999999996,-1.6251868600000006,-1.71532012,-1.7056355600000006,-1.8001513199999999,-1.7574946340000002,0.9314400942612311,-0.8260545397387701,-2.688934728261233,18700
-1.8037902800000003,-1.8382162799999993,-1.7763636999999985,-1.728848559999999,-1.8526896000000006,-1.7620497199999996,-1.6321024200000005,-1.7183304799999997,-1.7309170200000006,-1.79272736,-1.7636035420000002,0.9389516116329558,-0.8246519303670452,-2.7025551536329577,18800
-1.8234838600000003,-1.891633899999999,-1.7377996199999983,-1.7325752199999989,-1.8250069000000004,-1.7690713999999996,-1.6362404400000006,-1.7289414199999995,-1.7754999200000003,-1.7997150199999998,-1.77199677,0.9501574981596245,-0.8218392718403768,-2.7221542681596262,18900
-1.7882152800000002,-1.9193443799999992,-1.7227251399999983,-1.750380139999999,-1.8204714200000003,-1.7390799199999998,-1.7132593600000008,-1.7071809399999995,-1.8019495200000006,-1.79218922,-1.7754795319999999,0.9602175643595943,-0.8152619676404068,-2.735697096359596,19000
-1.7937527600000005,-2.000796919999999,-1.7843664199999985,-1.763716399999999,-1.8319367000000006,-1.7240029399999997,-1.7222911400000007,-1.6778369399999995,-1.8243470200000005,-1.80635192,-1.792939916,0.9749068109768101,-0.8180331050231909,-2.7678467269768117,19100
-1.7801651800000002,-1.9326584999999992,-1.8156611199999984,-1.7768922399999991,-1.7697994800000003,-1.7344758799999997,-1.7026895800000006,-1.6786507799999992,-1.8851101400000005,-1.81886292,-1.7894965820000002,0.969983965975437,-0.8195126160245639,-2.7594805479754387,19200
-1.7622124800000003,-1.9180137999999993,-1.7932441399999985,-1.7347299399999991,-1.7828098200000004,-1.6846932,-1.6897095800000006,-1.7073325599999993,-1.8872658800000004,-1.77082364,-1.7730835040000001,0.969668390254097,-0.8034151137459041,-2.742751894254099,19300
-1.7586211000000003,-2.0000162999999995,-1.7846949199999986,-1.737961239999999,-1.7378340000000005,-1.6741507999999998,-1.7039794800000008,-1.7288553199999992,-1.8779687800000004,-1.7567055399999998,-1.7760787480000002,0.9786110078007085,-0.7974677401992925,-2.7546897558007104,19400
-1.7478470200000005,-2.028485039999999,-1.7760428399999986,-1.7674724399999988,-1.6608494400000007,-1.6761321,-1.7047548800000007,-1.7253243999999992,-1.8630424000000005,-1.74994384,-1.7699894400000002,0.9739498108586622,-0.7960396291413387,-2.7439392508586646,19500
-1.7230419600000004,-2.0390883599999996,-1.7306716399999988,-1.7415002999999987,-1.6917926200000009,-1.7152731200000002,-1.7247349400000007,-1.7456914399999994,-1.8611680600000005,-1.76654612,-1.7739508560000004,0.9725369307012006,-0.8014139252988004,-2.746487786701203,19600
-1.7310430400000003,-2.0816567799999994,-1.7281545799999987,-1.7774257599999987,-1.6750286200000009,-1.7047369400000003,-1.7489127800000008,-1.7129957799999993,-1.8363612600000006,-1.7460349200000003,-1.7742350460000003,0.9836522034446662,-0.7905828425553348,-2.7578872494446687,19700
-1.7870126200000005,-2.0985736799999994,-1.7386343799999986,-1.7748702999999986,-1.6616339400000009,-1.6986058800000003,-1.7341371200000006,-1.7473668199999994,-1.8733430400000006,-1.7511772200000002,-1.7865355000000003,0.9949200573937438,-0.7916154426062573,-2.7814555573937465,19800
-1.8082658200000004,-2.0857991999999994,-1.7484149999999985,-1.8171116799999987,-1.685985960000001,-1.6989621800000003,-1.7433684200000008,-1.7320646199999994,-1.8954952400000005,-1.79111986,-1.800658798,1.00022400139156,-0.800434796608441,-2.8008827993915624,19900
-1.8591652600000004,-2.0418809799999993,-1.7358188999999984,-1.798517619999999,-1.6251721400000008,-1.6783438600000005,-1.7101895800000009,-1.7635801999999992,-1.9018970000000004,-1.8014569,-1.7916022440000001,0.990988670983338,-0.800613573016663,-2.7825909149833405,20000
-1.8475470600000004,-2.0251560999999993,-1.7327077599999985,-1.825997879999999,-1.513242580000001,-1.6052373200000005,-1.6900430200000007,-1.774292519999999,-1.8874617200000006,-1.79587436,-1.7697560319999999,0.9816592230576943,-0.7880968089423067,-2.7514152550576965,20100
-1.8569962600000003,-2.016718299999999,-1.7333895799999985,-1.8291816799999991,-1.539275580000001,-1.6059387800000005,-1.6583289200000007,-1.810378299999999,-1.8688857600000006,-1.8003979800000003,-1.7719491139999999,0.9909144770574811,-0.7810346369425198,-2.7628635910574837,20200
-1.8304926200000002,-2.0111376999999995,-1.7369009799999984,-1.8257488199999994,-1.5794140200000013,-1.5261872200000004,-1.7253644200000005,-1.8281521199999988,-1.8735600000000006,-1.8081854000000002,-1.7745143300000001,0.9815155380540058,-0.7929987919459951,-2.7560298680540085,20300
-1.8246083800000001,-1.9886676399999994,-1.7479931199999985,-1.8130493199999995,-1.5925130400000012,-1.5161904800000006,-1.7008743200000003,-1.852422179999999,-1.8465788400000005,-1.79412918,-1.76770265,0.9832832089553222,-0.7844194410446788,-2.750985858955325,20400
-1.8301318400000002,-1.9773486599999996,-1.7127269399999987,-1.7610114999999995,-1.5924006200000014,-1.4716841200000004,-1.6818246000000006,-1.8925220399999991,-1.8480019200000004,-1.75723374,-1.752488598,0.9787196398618291,-0.7737689581381718,-2.7312082378618316,20500
-1.8091753600000002,-1.9543184799999995,-1.6567842799999986,-1.7848314799999998,-1.5674376200000015,-1.4650134400000006,-1.7122122400000006,-1.900602499999999,-1.8180653600000005,-1.7646335,-1.743307426,0.9768746167406576,-0.7664328092593433,-2.7201820427406602,20600
-1.8060722599999999,-1.9594467199999996,-1.6219420599999987,-1.7788257799999996,-1.4996602800000016,-1.4803327800000006,-1.6641270000000006,-1.932791599999999,-1.7889517800000005,-1.7979956399999997,-1.7330145900000002,0.9683652932067172,-0.7646492967932838,-2.70137988320672,20700
-1.800633,-1.9650077199999996,-1.6195616999999984,-1.7758221599999997,-1.5215361400000018,-1.4962362400000004,-1.6534624800000004,-1.949589239999999,-1.8490082400000005,-1.7947297199999996,-1.7425586640000004,0.9795725302694234,-0.7629861337305777,-2.7221311942694264,20800
-1.78423992,-1.9473456799999997,-1.6636458599999986,-1.8092967199999999,-1.5179158400000017,-1.4937194400000002,-1.6217274400000006,-1.976722939999999,-1.8733121600000007,-1.7718620599999997,-1.7459788060000003,0.9891790438243185,-0.7567997621756826,-2.735157849824321,20900
-1.80945098,-1.9741623799999997,-1.6719675799999985,-1.83308516,-1.5504530400000016,-1.5062599400000003,-1.6579080400000006,-1.989758099999999,-1.9021967800000008,-1.78981452,-1.7685056520000004,0.9899588842106347,-0.7785467677893664,-2.7584645362106373,21000
-1.80609634,-1.9937537599999997,-1.6602286399999986,-1.82725012,-1.5428462600000015,-1.5182619800000001,-1.6731055000000006,-2.003648179999999,-1.9389682000000008,-1.82802904,-1.7792188020000004,0.9876355041178185,-0.7915832978821826,-2.766854306117821,21100
-1.81372004,-2.0006798399999997,-1.6681484799999984,-1.8260629,-1.5352595800000015,-1.5378080000000003,-1.6762943200000007,-2.0260278599999992,-1.9012219800000008,-1.8475884000000002,-1.7832811400000004,0.9857490169802183,-0.7975321230197828,-2.7690301569802203,21200
-1.8134323600000002,-2.0177673799999996,-1.6416877199999982,-1.82968342,-1.5445201800000015,-1.5073469800000003,-1.6835591000000005,-2.030356319999999,-1.9260312000000008,-1.8369164,-1.7831301060000002,0.9862523544476918,-0.7968777515523093,-2.769382460447694,21300
-1.7744815400000002,-1.9952152599999997,-1.6144872799999985,-1.84943716,-1.5451836000000014,-1.5299900600000003,-1.6967489000000007,-2.042167959999999,-1.9305526800000008,-1.8349838600000001,-1.78132483,0.9864861908465175,-0.7948386391534839,-2.76781102084652,21400
-1.7626899800000002,-1.9848318799999998,-1.5778522799999986,-1.8514654400000001,-1.5391539000000014,-1.5191811600000005,-1.6417351000000004,-2.006971819999999,-1.9289761800000005,-1.8290574800000001,-1.7641915220000002,0.9873714542878292,-0.7768200677121719,-2.7515629762878318,21500
-1.7821006200000002,-1.9864861399999998,-1.5827127999999986,-1.82577418,-1.5863573400000015,-1.5533866600000004,-1.6312462000000005,-2.0384920999999987,-1.9474030400000006,-1.7607256599999999,-1.7694684740000002,0.9874876358746671,-0.7819808381253339,-2.75695610987467,21600
-1.80964864,-1.99554332,-1.5899324199999987,-1.78437366,-1.6194808200000015,-1.5428744000000005,-1.6485523200000005,-2.023837779999999,-1.9500884400000007,-1.7773101199999999,-1.774164192,0.9877636083185024,-0.7864005836814987,-2.7619278003185053,21700
-1.80491604,-1.96935948,-1.5681249399999988,-1.73866472,-1.5682841000000014,-1.5238090400000006,-1.7505624400000004,-2.0237190399999987,-1.9980790200000007,-1.750675,-1.769619382,1.010488303715696,-0.7591310782843049,-2.780107685715699,21800
-1.7903445399999998,-1.9310806399999998,-1.5335001599999987,-1.6751139400000001,-1.5642403200000012,-1.4780199200000006,-1.7460347200000004,-2.005014419999999,-2.0232042200000007,-1.77440834,-1.7520961220000002,1.0061301011303811,-0.7459660208696199,-2.758226223130384,21900
-1.7945030799999997,-1.96513894,-1.5005506399999988,-1.6618161400000002,-1.5779672000000013,-1.4617516800000008,-1.7577042200000002,-1.9939713399999988,-1.9922268200000004,-1.7841638599999998,-1.7489793919999999,1.0018143735147764,-0.7471650184852245,-2.750793765514779,22000
-1.7619614799999996,-1.9524912,-1.516467659999999,-1.6540621800000002,-1.5500210800000014,-1.4410714400000006,-1.7748657000000003,-1.9695972999999987,-2.0043369,-1.7927309,-1.741760584,1.0031902144132605,-0.7385703695867403,-2.744950798413263,22100
-1.7259213599999996,-1.95534512,-1.522381399999999,-1.6803273,-1.5751747000000011,-1.4152006600000007,-1.7638250800000004,-1.9875251799999987,-1.9983597600000005,-1.87551482,-1.7499575379999999,1.0190180031325924,-0.7309395348674087,-2.768975541132595,22200
-1.7397355399999994,-1.94383036,-1.531647219999999,-1.69531126,-1.5789582200000012,-1.4314603800000005,-1.7573213400000003,-2.0258401199999985,-2.0168849000000004,-1.8466091800000002,-1.7567598519999998,1.0216858478785817,-0.7350740041214193,-2.7784456998785845,22300
-1.7558580199999998,-1.9283834,-1.5219435199999989,-1.69072648,-1.5705562400000013,-1.4541930000000005,-1.7535207400000004,-2.0036926599999987,-1.9960182200000005,-1.8822952600000002,-1.7557187539999999,1.0193204225292551,-0.7363983314707458,-2.775039176529258,22400
-1.7557895399999999,-1.9405467399999998,-1.5175006999999991,-1.6615556199999997,-1.5807581800000015,-1.4226427200000007,-1.7249055200000003,-2.0352631599999986,-1.9749047800000006,-1.8714053800000001,-1.7485272339999998,1.0119011674989242,-0.7366260665010766,-2.760428401498927,22500
-1.7547952399999998,-1.9254556799999998,-1.5224029199999993,-1.6773888399999999,-1.5654996400000014,-1.3969996200000008,-1.7376758400000003,-2.015366359999999,-1.9594881200000005,-1.91055948,-1.7465631739999998,1.016863799680096,-0.7296993743199048,-2.7634269736800987,22600
-1.7053981599999997,-1.9905411399999997,-1.4759812799999992,-1.66915398,-1.5608637800000014,-1.406460780000001,-1.7342706600000002,-2.010291039999999,-1.9444244000000006,-1.8678619799999998,-1.7365247199999996,1.0209248144233767,-0.7155999055766243,-2.7574495344233787,22700
-1.7031874599999997,-1.9929673199999995,-1.5052354599999993,-1.7256074999999997,-1.6086752200000014,-1.398135860000001,-1.7757186000000003,-1.9799899199999986,-1.9291457000000007,-1.8597504599999999,-1.7478413499999996,1.0404604825907775,-0.7073808674092236,-2.7883018325907796,22800
-1.7030713199999996,-2.0219786599999994,-1.4722099799999993,-1.7622836999999998,-1.5924288800000017,-1.380031080000001,-1.8138919400000004,-1.9395336799999987,-1.8954263600000008,-1.87347404,-1.7454329639999997,1.0379882661128244,-0.7074446978871767,-2.7834212301128263,22900
-1.7305437799999996,-1.9779421799999994,-1.5076247599999995,-1.7758370399999999,-1.5868717200000018,-1.378382700000001,-1.8365031800000002,-1.9767576799999986,-1.8840585000000007,-1.9072918200000002,-1.7561813359999996,1.0417200353550056,-0.7144613006449956,-2.7979013713550076,23000
-1.7565037199999995,-1.9649107999999995,-1.4844066399999993,-1.78239298,-1.6038682400000015,-1.3950156600000008,-1.8181830000000003,-1.9685494199999984,-1.9078905600000007,-1.89599442,-1.7577715439999997,1.0427538870283086,-0.7150176569716923,-2.8005254310283108,23100
-1.7983758599999993,-1.9577241399999994,-1.5005261199999995,-1.80234622,-1.6053601400000017,-1.424497440000001,-1.7952452200000002,-1.9469985999999986,-1.8528915200000007,-1.9091408800000003,-1.7593106139999997,1.0337887652008733,-0.7255218487991278,-2.7930993792008754,23200
-1.8179711799999994,-1.8981843399999994,-1.4986095399999997,-1.83368294,-1.5865496000000017,-1.426266220000001,-1.8246489000000004,-1.9304691599999984,-1.8403724400000003,-1.9030707600000003,-1.7559825079999996,1.0222548971600747,-0.7337276108399264,-2.7782374051600764,23300
-1.806953019999999,-1.9127968399999995,-1.5641300599999997,-1.8791236800000002,-1.6037314200000015,-1.436449920000001,-1.8229721,-1.9360290999999983,-1.8510501800000003,-1.8758254200000002,-1.7689061739999996,1.0277680503955298,-0.7411381236044714,-2.7966742243955323,23400
-1.8037986999999993,-1.9098506999999996,-1.5803442199999997,-1.8482221600000002,-1.5979876200000016,-1.4209375400000008,-1.8010437400000001,-1.9743868599999985,-1.8448722800000001,-1.92920086,-1.7710644679999996,1.030830851137822,-0.7402336168621791,-2.8018953191378237,23500
-1.8187102399999993,-1.9003079199999997,-1.56831664,-1.8417155200000002,-1.6093988200000016,-1.4342176600000007,-1.79069594,-1.9656172199999986,-1.8345794400000002,-1.9210657599999998,-1.7684625159999996,1.0256436859211704,-0.7428188300788306,-2.7941062019211724,23600
-1.828156099999999,-1.8688221799999996,-1.5651147999999997,-1.86000144,-1.5954947600000018,-1.4534833000000007,-1.7588349599999997,-1.9667799199999985,-1.8389483600000003,-1.9622091799999999,-1.7697844999999994,1.031336903029314,-0.738447596970687,-2.8011214030293154,23700
-1.825712479999999,-1.8334699399999996,-1.56967156,-1.8542009400000001,-1.5961846000000017,-1.4330837200000008,-1.7407111999999998,-1.9352059799999985,-1.7840667200000004,-1.9736302199999998,-1.7545937359999997,1.0252218479479835,-0.7293718880520176,-2.779815583947985,23800
-1.7889716799999993,-1.7946351999999999,-1.6098532399999999,-1.8521097600000003,-1.6213871000000017,-1.4742191200000008,-1.70995178,-1.9436560599999988,-1.7377841400000005,-1.98599026,-1.7518558339999997,1.0151564977773802,-0.736699336222621,-2.7670123317773814,23900
-1.8470898399999993,-1.76103534,-1.6453025,-1.83556924,-1.6610202600000017,-1.4707255400000006,-1.6389508799999999,-1.9404394799999989,-1.7483308000000006,-1.96374082,-1.7512204699999996,1.016885217457398,-0.7343352525426031,-2.7681056874573993,24000
-1.8271266799999992,-1.7055057399999998,-1.5836139,-1.86226002,-1.6572677600000014,-1.4788322800000007,-1.6201491,-1.949332839999999,-1.7507367400000005,-2.00404584,-1.7438870899999994,1.0099803708918276,-0.7339067191081736,-2.753867460891829,24100
-1.8661257999999992,-1.7608832399999996,-1.56697702,-1.9105911599999998,-1.6393172000000016,-1.4852037200000006,-1.6582907599999999,-1.914015379999999,-1.7363800800000004,-2.02175996,-1.7559544319999996,1.0119873821666836,-0.7439670498333174,-2.7679418141666847,24200
-1.8578513399999992,-1.7281554799999994,-1.5790388999999998,-1.9255597,-1.6181440400000013,-1.4698333600000006,-1.6477349000000001,-1.8915644399999991,-1.7194119400000005,-2.03738668,-1.7474680779999994,1.0096211923026759,-0.737846885697325,-2.7570892703026773,24300
-1.8665393599999993,-1.6672148999999994,-1.5952654999999998,-1.8868597200000001,-1.6326898400000014,-1.4918601200000006,-1.6403975199999998,-1.8666795599999992,-1.7510187600000007,-2.01789558,-1.7416420859999995,0.9904050740525085,-0.7512370119474925,-2.73204716005251,24400
-1.8813210199999992,-1.6226102199999994,-1.6057788199999998,-1.8571091000000004,-1.6478043000000013,-1.4732086000000004,-1.6141272599999998,-1.9386072799999992,-1.8269752800000005,-2.01990364,-1.7487445519999993,1.0053370570033915,-0.7434074949966093,-2.754081609003393,24500
-1.888576259999999,-1.6042566199999992,-1.6585773199999998,-1.8216463000000005,-1.6382999800000013,-1.4829030400000003,-1.6549087199999999,-1.8887506599999988,-1.8061088000000007,-2.0077996199999997,-1.7451827319999993,1.0091038328920516,-0.7360788991079492,-2.754286564892053,24600
-1.903259039999999,-1.5677810799999994,-1.6684531199999997,-1.7728150000000005,-1.6478491600000016,-1.50915192,-1.6399101600000001,-1.888142179999999,-1.8069397400000005,-2.0085792199999997,-1.7412880619999993,1.0032678299164912,-0.7380202320835098,-2.7445558919164927,24700
-1.8600439599999987,-1.6000830999999993,-1.6559820999999997,-1.8002630000000004,-1.6338347000000015,-1.5433028000000002,-1.6583499400000001,-1.817961279999999,-1.8480484200000007,-2.03830784,-1.7456177139999993,1.0040705478250067,-0.7415471661749942,-2.7496882618250083,24800
-1.8388446199999988,-1.6083185599999994,-1.6954279799999994,-1.7592846400000004,-1.6281782200000015,-1.5158272200000003,-1.6685837200000002,-1.807825879999999,-1.8154683600000003,-1.9812482599999999,-1.7319007459999995,0.9956695516493904,-0.7362311943506105,-2.7275702976493927,24900
-1.8440611999999987,-1.6561639199999993,-1.7166660999999996,-1.7479359600000004,-1.6434951600000016,-1.5573785599999999,-1.7088361200000002,-1.7757772599999992,-1.8363543600000005,-1.9876773399999996,-1.7474345979999995,0.9919779427866667,-0.755456655213334,-2.7394125407866685,25000
-1.8618911599999988,-1.6381486599999995,-1.7058193599999996,-1.7289080600000002,-1.6587590000000014,-1.5916454999999998,-1.7797346800000002,-1.7703137199999994,-1.8693707600000005,-1.9864976199999997,-1.7591088519999993,0.9882234279605264,-0.7708854240394745,-2.7473322799605286,25100
-1.8523438799999987,-1.6348441599999994,-1.7628253399999994,-1.74419644,-1.6157622000000016,-1.61920636,-1.7876417200000003,-1.7099564399999998,-1.8668705000000005,-1.9950694399999997,-1.7588716479999993,0.9848868230196614,-0.7739848249803394,-2.743758471019663,25200
-1.8943686599999987,-1.6503816399999993,-1.7487212599999995,-1.7457182599999999,-1.5883455600000014,-1.6086818600000001,-1.7517264600000004,-1.68199166,-1.8805711200000004,-2.00407906,-1.7554585539999994,0.9855939137978131,-0.7698646402021876,-2.7410524677978145,25300
-1.9193253399999985,-1.6595203999999995,-1.8312258599999995,-1.76675926,-1.5916195000000013,-1.61063214,-1.7660509000000004,-1.66202262,-1.9328990600000002,-2.04477536,-1.7784830439999997,1.006656473804889,-0.7718265701951117,-2.7851395178048906,25400
-1.9631975799999986,-1.6384233599999993,-1.8414537399999995,-1.76414382,-1.581837400000001,-1.6168240600000001,-1.7604116800000005,-1.6149012999999997,-1.9467162200000003,-2.07730186,-1.7805211019999996,1.0105091680332121,-0.7700119339667887,-2.7910302700332137,25500
-1.9203890199999987,-1.6838909399999995,-1.8517162999999996,-1.76480696,-1.600635160000001,-1.6365025200000003,-1.7495596400000004,-1.6390164399999998,-1.9852803200000004,-2.0951048,-1.7926902099999995,1.008401840100914,-0.7842883698990866,-2.8010920501009156,25600
-1.8948449199999988,-1.7155494599999994,-1.8567146199999995,-1.74501702,-1.607332540000001,-1.6222140600000003,-1.7527025400000005,-1.6088626599999998,-2.0553169600000007,-2.06795462,-1.7926509399999995,1.020140900536736,-0.7725100394632647,-2.812791840536738,25700
-1.9081695399999987,-1.7156103199999995,-1.8500609999999997,-1.7458914200000002,-1.557708640000001,-1.6537372800000003,-1.7479807400000005,-1.58787526,-2.0168100200000008,-2.15045746,-1.7934301679999995,1.0270547979835207,-0.7663753700164797,-2.8204849659835225,25800
-1.8847167799999989,-1.7511105999999996,-1.8187101199999995,-1.6797643,-1.603928880000001,-1.6615625400000005,-1.7800438000000003,-1.48038258,-2.0246923800000003,-2.1313808000000005,-1.7816292779999998,1.020784890982773,-0.7608443870172275,-2.802414168982775,25900
-1.968095059999999,-1.8035170799999996,-1.8508003599999996,-1.6831607,-1.573095540000001,-1.6671778800000003,-1.7416732400000001,-1.4789215599999996,-2.0175594400000008,-2.1825604600000004,-1.7966561319999996,1.0424453633438684,-0.754210768656132,-2.8391014953438707,26000
-1.963784619999999,-1.8192946999999995,-1.8245201599999994,-1.7238578599999999,-1.600355840000001,-1.6468567200000006,-1.79231164,-1.5112520599999997,-2.0286607200000004,-2.14044976,-1.8051344079999998,1.0596259460052595,-0.745508461994741,-2.864760354005262,26100
-1.949087459999999,-1.8022740599999993,-1.8114408999999996,-1.70972106,-1.5853560600000012,-1.6353678400000007,-1.7938171,-1.4918974399999996,-2.0115887800000007,-2.1585824000000002,-1.7949133099999997,1.0582448170269325,-0.736668492973068,-2.8531581270269353,26200
-1.984294359999999,-1.7915614799999995,-1.8151012399999997,-1.7544174,-1.5700964600000011,-1.6717267000000007,-1.85740338,-1.5118716199999995,-1.9936860800000007,-2.1770253200000003,-1.8127184039999997,1.0651740818809716,-0.7475443221190288,-2.877892485880974,26300
-2.018809019999999,-1.8344778599999996,-1.8539307799999996,-1.7440130999999999,-1.5823000600000012,-1.6247656400000008,-1.84359378,-1.5273843599999994,-2.0125672000000008,-2.1218084600000005,-1.8163650259999997,1.0712985670753803,-0.7450664589246202,-2.8876635930753825,26400
-2.093368359999999,-1.8183410399999993,-1.8858355799999995,-1.7191682599999998,-1.6036669400000014,-1.5985582800000007,-1.87460568,-1.5252382599999996,-2.029596140000001,-2.0790466800000003,-1.8227425219999998,1.0784426530141398,-0.7442998689858608,-2.901185175014142,26500
-2.045981159999999,-1.8116841199999993,-1.9150846999999995,-1.7197345400000001,-1.5794281400000014,-1.6029716600000006,-1.9025956,-1.4944547999999998,-2.020029600000001,-2.07580678,-1.8167771099999999,1.0781809043660155,-0.738596205633985,-2.8949580143660176,26600
-2.037139719999999,-1.8226647799999993,-1.9119651199999996,-1.73036616,-1.5515488200000014,-1.6248281800000004,-1.8765279999999998,-1.5345185599999995,-2.0185415200000008,-2.0721203800000003,-1.818022124,1.079182938883456,-0.7388391851165447,-2.897205062883458,26700
-2.022610759999999,-1.8369876599999992,-1.9654820199999994,-1.7549416,-1.5504908800000012,-1.6285475600000003,-1.7881932,-1.5979219199999997,-1.968454120000001,-2.0883153400000003,-1.820194506,1.0642929719743122,-0.7559015340256885,-2.8844874779743144,26800
-2.0120331399999993,-1.8445615799999993,-1.9670839399999993,-1.80100572,-1.5405497400000012,-1.6367644000000003,-1.8084389200000002,-1.5857162799999998,-1.9201544600000011,-2.08299534,-1.8199303519999999,1.0636414876655749,-0.7562888643344255,-2.8835718396655774,26900
-2.005739099999999,-1.810636939999999,-1.9836262599999994,-1.7874800400000002,-1.6023678800000014,-1.6309742400000005,-1.80787484,-1.6006745999999998,-1.9327717600000012,-2.0415003800000004,-1.8203646039999999,1.0702446985618423,-0.7501199054381581,-2.8906093025618445,27000
-1.9802965799999992,-1.8121036199999991,-1.9782188399999994,-1.79476408,-1.6487938200000014,-1.6281014000000005,-1.7873921600000002,-1.64288952,-1.8909288200000012,-1.9833072200000001,-1.814679606,1.0627559128280757,-0.7519236931719249,-2.8774355188280776,27100
-2.0097512199999996,-1.8140859599999992,-2.002378219999999,-1.7479404399999998,-1.6681890400000015,-1.6766922600000003,-1.8026630000000003,-1.60769274,-1.8854750200000012,-1.95119488,-1.8166062779999999,1.0541791688181394,-0.7624271091818611,-2.870785446818141,27200
-2.0110630799999996,-1.8307995199999993,-2.011971719999999,-1.74105614,-1.6559253600000015,-1.6646734600000004,-1.7964390600000002,-1.5776687200000001,-1.9163940200000014,-1.97883632,-1.8184827399999997,1.0507820449855456,-0.7677006950144549,-2.8692647849855466,27300
-2.024456319999999,-1.8185349999999993,-2.055708119999999,-1.7223952,-1.6483094000000014,-1.6753749000000004,-1.8223900599999998,-1.5728007400000001,-1.9543444400000012,-1.96320214,-1.8257516319999996,1.0520952868167368,-0.7736563451832636,-2.8778469188167377,27400
-1.9876422599999992,-1.8806815199999993,-2.079185739999999,-1.71675544,-1.6491639200000014,-1.7114913400000007,-1.81692638,-1.5831573200000002,-1.9595843000000013,-2.0414067,-1.8425994919999997,1.064927336723541,-0.7776721552764596,-2.9075268287235416,27500
-1.9788071399999994,-1.8511718199999996,-1.9996830599999986,-1.7114325400000001,-1.6628513800000015,-1.7038864200000006,-1.83489412,-1.5881227200000003,-1.9776442600000013,-1.9799622,-1.8288455659999996,1.0475465162133024,-0.7812990497866982,-2.876392082213303,27600
-1.992550779999999,-1.8870170599999998,-2.0566803799999986,-1.7092316800000003,-1.6966399600000015,-1.7501789600000004,-1.838432,-1.6287662800000005,-1.9525132000000014,-1.9787311,-1.8490741399999997,1.060274843447045,-0.7887992965529554,-2.909348983447046,27700
-2.0478701399999992,-1.8987253199999998,-2.0166632199999985,-1.6307946800000002,-1.6826608400000014,-1.7982931600000003,-1.8017633000000002,-1.6901207600000003,-1.9512440800000013,-1.94260074,-1.8460736239999997,1.0582751118572395,-0.7877985121427606,-2.9043487358572406,27800
-2.1282044399999993,-1.8732356399999999,-2.030513459999999,-1.5853036600000001,-1.7011064200000012,-1.8628729200000003,-1.81195672,-1.6822607000000003,-1.9200889000000012,-1.95697398,-1.8552516839999997,1.072558308759878,-0.7826933752401223,-2.9278099927598786,27900
-2.097972879999999,-1.86927044,-1.9610722999999988,-1.5903011,-1.669992040000001,-1.8848169000000004,-1.8314215000000003,-1.6680178600000002,-1.9188581200000012,-1.9483665399999999,-1.8440089679999998,1.0712616549512426,-0.7727473130487575,-2.915270622951244,28000
-2.0455846399999995,-1.90883404,-1.993022659999999,-1.5662456800000002,-1.6529555600000012,-1.8719698200000006,-1.82124028,-1.6860296000000004,-1.9088167200000015,-1.98148354,-1.8436182539999997,1.0807441456659665,-0.7628741083340338,-2.924362399665968,28100
-1.9915420399999995,-1.9092374799999998,-1.9900108199999988,-1.5729032,-1.652735820000001,-1.8993775200000005,-1.7965322000000001,-1.6752144000000002,-1.9360446600000014,-2.00355196,-1.8427150099999998,1.0881227438881291,-0.754592266111871,-2.93083775388813,28200
-2.0096734199999995,-1.9036822599999998,-2.019701319999999,-1.55041188,-1.6932819800000012,-1.9100033200000004,-1.7959207799999999,-1.6616703400000004,-1.9380706400000014,-2.00734786,-1.8489763799999996,1.0916072887834731,-0.757369091216527,-2.9405836687834745,28300
-2.0477014999999996,-1.8903714399999998,-1.996373019999999,-1.4878874000000002,-1.6589605000000014,-1.9096357600000002,-1.7851721799999998,-1.6864824200000001,-1.9426045400000016,-2.0179985,-1.8423187259999998,1.0933080981067267,-0.7490106278932732,-2.935626824106728,28400
-2.0661366999999995,-1.8952182599999998,-2.039017239999999,-1.47280406,-1.6247659600000015,-1.9713297800000005,-1.7693253399999997,-1.6954125,-1.9564030200000015,-1.9368263200000002,-1.842723918,1.1006753492808408,-0.742048568719159,-2.9433992672808422,28500
-2.0423458599999993,-1.8922498999999997,-2.010291499999999,-1.4592458000000001,-1.6103157000000017,-1.9602017600000006,-1.8004983799999996,-1.6827991,-1.9688693200000014,-1.9605676600000002,-1.8387384979999997,1.108231525166354,-0.730506972833646,-2.9469700231663554,28600
-2.0454917399999997,-1.9105444599999997,-2.022334219999999,-1.4339686600000001,-1.6159224800000016,-1.9882137600000007,-1.8010496999999999,-1.7180452800000001,-1.9863857800000013,-1.9091530600000002,-1.8431109139999997,1.11227086804398,-0.7308400459560201,-2.9553817820439816,28700
-2.0326631799999997,-1.9185712799999997,-2.0164231799999985,-1.4432497,-1.6306521200000015,-1.9728903800000006,-1.8472266399999997,-1.75432436,-2.0261025000000012,-1.9004838800000001,-1.854258722,1.1106180256001528,-0.7436406963998471,-2.9648767476001545,28800
-2.0448292599999993,-1.8881625999999994,-1.9815848799999989,-1.47959628,-1.6550452400000015,-1.9212326000000004,-1.83792228,-1.7274738399999998,-2.0177448000000013,-1.9041790200000002,-1.84577708,1.1092740588606473,-0.7365030211393525,-2.9550511388606493,28900
-1.9792547599999994,-1.8950814199999995,-1.922620059999999,-1.46891158,-1.6107579800000016,-1.9505193800000007,-1.8264989,-1.7362227799999996,-2.0457264000000013,-1.9099213000000004,-1.834551456,1.1009844923612775,-0.7335669636387224,-2.935535948361279,29000
-2.0222693199999995,-1.8774908399999992,-1.957658599999999,-1.4294439600000002,-1.5863213800000018,-1.9519642600000007,-1.82782116,-1.7706571999999996,-2.0235911400000015,-1.8871719600000005,-1.833438982,1.0994353882286376,-0.7340035937713624,-2.9328743702286393,29100
-2.0411386799999995,-1.8661652799999993,-1.9446627199999988,-1.37557944,-1.6046867400000016,-1.9405421800000004,-1.86314196,-1.78423988,-2.0151259400000017,-1.8329596000000004,-1.826824242,1.1009271199623405,-0.7258971220376595,-2.927751361962342,29200
-2.0666521999999996,-1.9050289599999994,-2.020368479999999,-1.36406146,-1.6075359800000018,-1.9407379000000007,-1.87330138,-1.7962639599999997,-2.0015544000000016,-1.8425949800000003,-1.8418099700000001,1.1166346887407166,-0.7251752812592832,-2.9584446587407185,29300
-2.0581892399999995,-1.9270421999999994,-2.0113240399999985,-1.35427804,-1.6413081800000018,-1.9678474400000006,-1.89519374,-1.7906702399999999,-2.042336560000001,-1.8295897200000004,-1.85177794,1.1299999281340498,-0.72177801186595,-2.9817778681340514,29400
-2.0745181799999997,-1.9346117199999995,-1.9842363799999987,-1.3512000599999998,-1.6330226400000019,-1.9862656400000003,-1.91677536,-1.7298640799999998,-1.9558930000000014,-1.8133391000000003,-1.837972616,1.1165276932956194,-0.7214449227043807,-2.954500309295621,29500
-2.0743026999999996,-1.9461303599999993,-1.9597298999999986,-1.36725178,-1.6067745800000017,-1.9532988600000005,-1.92628572,-1.7657925,-1.9398225000000013,-1.8149409800000003,-1.8354329880000002,1.113098654065774,-0.7223343339342262,-2.9485316420657757,29600
-2.0486846599999997,-1.9892895799999994,-1.9591142599999987,-1.36022412,-1.6093953600000017,-1.9374723200000006,-1.9047981,-1.7598887599999997,-1.9543601600000013,-1.8220035600000002,-1.8345230880000003,1.1095492531030984,-0.7249738348969015,-2.9440723411031002,29700
-2.07418508,-1.9207443999999994,-1.972834139999999,-1.3095825200000002,-1.6611191200000015,-1.9212779200000005,-1.89473598,-1.74620738,-1.8743684400000011,-1.8168788400000002,-1.8191933820000004,1.106573900561087,-0.7126194814389128,-2.9257672825610888,29800
-2.0775533399999997,-1.9089934799999992,-1.943321559999999,-1.3443255600000001,-1.7425512000000019,-1.9316951200000005,-1.94605576,-1.7454197399999998,-1.9166590600000013,-1.8455321600000003,-1.8402106980000001,1.1217847169919515,-0.7184259810080483,-2.9619954149919527,29900
-2.0648190399999997,-1.8722281399999992,-1.9289986599999989,-1.38447946,-1.7153406000000018,-1.8908332600000006,-2.0092552799999996,-1.78286678,-1.8930380600000012,-1.8575960200000003,-1.8399455300000003,1.1416365456608124,-0.6983089843391873,-2.981582075660814,30000
-2.0143056199999996,-1.8630631999999991,-1.8967456599999988,-1.3935090200000002,-1.724465400000002,-1.8483669800000004,-1.9748083399999998,-1.73612442,-1.8823365600000015,-1.8308016800000002,-1.816452688,1.1345393561177113,-0.6819133318822884,-2.9509920441177133,30100
-2.0052618399999993,-1.890425419999999,-1.863564059999999,-1.3703091200000004,-1.728355440000002,-1.8090039600000003,-2.01143134,-1.7981125199999997,-1.912764540000001,-1.8239646000000003,-1.8213192839999999,1.137714848690497,-0.6836044353095027,-2.959034132690499,30200
-1.9788233199999996,-1.8412067999999993,-1.8615187999999991,-1.3943286800000003,-1.717449660000002,-1.7982813000000002,-1.9971505200000002,-1.7962849599999995,-1.8824836600000012,-1.80440218,-1.807192988,1.1287306071063525,-0.6784623808936472,-2.9359235951063543,30300
-1.9712223599999996,-1.8533445599999994,-1.747679739999999,-1.3697883000000002,-1.691122380000002,-1.81830636,-2.00641558,-1.8214887199999996,-1.8833325000000014,-1.77252522,-1.7935225719999996,1.1116444278504327,-0.681878144149567,-2.905166999850435,30400
-1.9316227599999996,-1.8859771599999993,-1.7665633999999988,-1.3820252600000003,-1.706218040000002,-1.7941943599999999,-2.01673962,-1.8233840199999998,-1.9511500600000014,-1.7767005999999999,-1.8034575279999998,1.1196065943840046,-0.683850933615995,-2.923064122384007,30500
-1.9705977999999995,-1.8368458199999993,-1.755143859999999,-1.3292720800000004,-1.742505500000002,-1.78662682,-2.0297623399999996,-1.7725682999999999,-1.9324120000000014,-1.7692769799999999,-1.7925011499999999,1.121951847755206,-0.6705493022447936,-2.914452997755208,30600
-1.9871102599999995,-1.823670019999999,-1.769504859999999,-1.3836010400000003,-1.771892380000002,-1.7756589199999997,-2.03432492,-1.8081860199999997,-1.8528087800000015,-1.7908425,-1.7997599699999998,1.1105373895921755,-0.6892225804078242,-2.9102973595921777,30700
-1.9848360799999996,-1.818622919999999,-1.786561579999999,-1.40261092,-1.7902122200000017,-1.7292790599999999,-2.07804448,-1.8045299999999995,-1.8360912000000014,-1.7321685199999999,-1.7962956979999998,1.1003580321211954,-0.6959376658788043,-2.8966537301211974,30800
-2.0147258999999993,-1.792545759999999,-1.764544899999999,-1.4373729600000003,-1.7715892000000013,-1.7440298799999996,-2.0218716,-1.8537834199999994,-1.8766563600000015,-1.75399744,-1.8031117419999998,1.0959663754486564,-0.7071453665513432,-2.8990781174486586,30900
-1.9505036799999993,-1.697744539999999,-1.744241619999999,-1.4079024800000002,-1.7687638000000012,-1.7391499999999995,-2.0059349799999997,-1.8287830999999994,-1.8957118000000015,-1.66326718,-1.7702003179999999,1.081952944054417,-0.6882473739455826,-2.852153262054419,31000
-1.9396802199999994,-1.6891670599999988,-1.810828419999999,-1.3623559800000005,-1.7474844000000014,-1.7423187799999993,-1.9039982,-1.8190571999999994,-1.8481768600000013,-1.65492872,-1.751799584,1.0761207300978477,-0.6756788539021518,-2.8279203140978497,31100
-1.8938111199999994,-1.6631613599999988,-1.7935194199999993,-1.37949326,-1.7661558800000012,-1.8401045599999994,-1.90219516,-1.8064582199999992,-1.906651820000001,-1.64293972,-1.7594490520000001,1.088080787304501,-0.6713682646954985,-2.847529839304503,31200
-1.8853824999999995,-1.6710678199999989,-1.831598319999999,-1.3448766,-1.789742160000001,-1.8428888599999993,-1.85957178,-1.8154758199999994,-1.9007224800000009,-1.6024688800000002,-1.7543795220000005,1.08419153358695,-0.6701879884130494,-2.838571055586952,31300
-1.8627492999999995,-1.646000479999999,-1.766293939999999,-1.3515571800000001,-1.774423120000001,-1.852819059999999,-1.90639264,-1.7620812199999996,-1.839728900000001,-1.6370116799999999,-1.7399057520000005,1.0740108672589863,-0.6658948847410131,-2.813916619258988,31400
-1.8959690199999997,-1.653391759999999,-1.738352479999999,-1.3532903000000003,-1.737426920000001,-1.9042661999999992,-1.8898182,-1.7939231199999994,-1.789144840000001,-1.6434244,-1.7399007240000004,1.0815069262757833,-0.6583937977242161,-2.821407650275785,31500
-1.8905064199999995,-1.662183079999999,-1.6861351399999989,-1.3918761600000003,-1.7565864400000009,-1.8632016599999994,-1.8611316199999999,-1.8510519199999993,-1.826058900000001,-1.66093424,-1.7449665580000002,1.0831781999580827,-0.6617883580419168,-2.8281447579580843,31600
-1.8575183799999997,-1.6243579799999992,-1.6686641199999988,-1.3850540400000002,-1.759040040000001,-1.8516726599999995,-1.9065352199999999,-1.8541296599999992,-1.805975400000001,-1.6075994799999997,-1.732054698,1.0839894826380732,-0.6480652153619262,-2.816044180638075,31700
-1.8833022999999995,-1.6031790199999991,-1.690483119999999,-1.3956695000000006,-1.7571234200000012,-1.8773272999999995,-1.9100207199999997,-1.8266933599999993,-1.8301090000000009,-1.6051045,-1.737901224,1.0839223317698157,-0.6539788922301837,-2.821823555769817,31800
-1.8945477599999996,-1.594270419999999,-1.6970112599999991,-1.3458250000000005,-1.8011892800000013,-1.8473780399999995,-1.9252055399999997,-1.8227542799999992,-1.8392333600000006,-1.56143564,-1.732885058,1.0783022632098764,-0.6545827947901229,-2.811187321209878,31900
-1.9120618599999997,-1.6358594999999994,-1.669044299999999,-1.3578006200000003,-1.7478077800000011,-1.8719852599999995,-1.9878669199999999,-1.8703745199999993,-1.8506189000000006,-1.5747740200000002,-1.747819368,1.0803810809918521,-0.6674382870081472,-2.828200448991854,32000
-1.9477650799999997,-1.6053688599999993,-1.6806699799999993,-1.3548342400000004,-1.7137921400000011,-1.8673553999999997,-2.0424477999999997,-1.824869799999999,-1.8591484200000006,-1.5710462200000002,-1.746729794,1.080984826564757,-0.6657449674352424,-2.827714620564759,32100
-1.9646386999999996,-1.6076595799999993,-1.6434685399999993,-1.3492952800000007,-1.668372000000001,-1.8749188599999997,-2.0194826599999995,-1.828550119999999,-1.8717841000000004,-1.58242064,-1.741059048,1.0827904029960524,-0.6582686450039471,-2.8238494509960548,32200
-1.9877945599999995,-1.5732072399999992,-1.6018318399999993,-1.3316595400000006,-1.675912980000001,-1.8969713599999998,-2.02896354,-1.8539331799999987,-1.8375344000000005,-1.5901217399999998,-1.7377930380000002,1.0893808498091166,-0.648412188190883,-2.827173887809119,32300
-1.9726920599999997,-1.6252368199999991,-1.5616000199999993,-1.3455858000000007,-1.6892635600000012,-1.8656779999999997,-2.02967768,-1.8317353399999987,-1.8370880800000002,-1.5711105,-1.732966786,1.0920159190366328,-0.6409508669633667,-2.8249827050366356,32400
-1.9937066999999997,-1.5615899199999992,-1.5332708199999994,-1.3489538000000008,-1.727624560000001,-1.8458117999999997,-2.01646846,-1.7818145199999986,-1.8037440000000005,-1.5083072600000003,-1.7121291840000001,1.088694976363705,-0.6234342076362942,-2.8008241603637076,32500
-1.9733859799999995,-1.5446939599999994,-1.545185199999999,-1.3680603800000009,-1.738473500000001,-1.8446393999999995,-2.0148765799999997,-1.8034530999999987,-1.8058221000000003,-1.5544115000000005,-1.71930017,1.090268645001852,-0.6290315249981474,-2.809568815001855,32600
-1.9693872999999997,-1.4672286799999992,-1.506752939999999,-1.3613858600000008,-1.729563980000001,-1.7803358399999996,-2.0170400799999997,-1.8090426399999986,-1.8160113200000003,-1.5932446000000007,-1.704999324,1.0742101879775834,-0.6307891360224159,-2.779209511977586,32700
-1.9217210199999997,-1.4636209999999992,-1.499559099999999,-1.363316560000001,-1.665107160000001,-1.7168930999999994,-2.06721072,-1.7527438399999986,-1.8075520800000004,-1.6038822600000007,-1.6861606839999999,1.0662092098476215,-0.6199514741523781,-2.752369893847624,32800
-1.8408675799999998,-1.4933653599999992,-1.504125639999999,-1.388300380000001,-1.639144740000001,-1.6680818399999995,-2.05088036,-1.7439893199999985,-1.8094388600000004,-1.5797011800000007,-1.6717895259999997,1.0492259770240735,-0.6225635489759259,-2.7210155030240766,32900
-1.88439882,-1.518506079999999,-1.498980759999999,-1.3893822200000014,-1.642108200000001,-1.6980438599999996,-2.0034444199999997,-1.7332609199999984,-1.8123786400000004,-1.5544356000000008,-1.6734939519999998,1.0456014094999313,-0.6278925425000681,-2.7190953614999342,33000
-1.8939970799999997,-1.4554153399999992,-1.560523759999999,-1.4190891600000015,-1.653198500000001,-1.7007547799999998,-2.01728796,-1.7195857599999984,-1.8240557000000002,-1.5267280000000008,-1.677063604,1.0461981403004363,-0.6308654636995633,-2.723261744300439,33100
-1.9220762999999998,-1.4982043399999991,-1.577061579999999,-1.4248924000000014,-1.6302118000000008,-1.6398530999999996,-2.02786642,-1.7080676199999985,-1.8005933,-1.5069885200000008,-1.6735815379999999,1.043413764964377,-0.6301677730356224,-2.71699530296438,33200
-1.91218688,-1.4824411199999992,-1.5676703399999987,-1.4173280400000012,-1.6120543600000006,-1.6406817999999999,-1.9971473,-1.7068109399999987,-1.8137998400000004,-1.4978210600000006,-1.6647941680000002,1.0431288873612095,-0.6216652806387903,-2.707923055361212,33300
-1.92451822,-1.4987908199999993,-1.526662239999999,-1.4223652600000012,-1.6364705400000004,-1.64605118,-1.96983542,-1.6755554799999988,-1.8317105000000005,-1.5046665000000004,-1.663662616,1.0456276850725987,-0.6180349309274009,-2.7092903010726013,33400
-1.9014509000000002,-1.5134096399999992,-1.4964291199999988,-1.4493466200000011,-1.6322956000000002,-1.56349826,-2.01799084,-1.737261559999999,-1.8790322400000001,-1.5477180000000004,-1.6738432779999999,1.052795679670406,-0.6210475983295933,-2.7266389576704086,33500
-1.9020134999999998,-1.5044371599999993,-1.5255460999999988,-1.482117220000001,-1.6421584000000002,-1.597657,-1.9960738599999999,-1.762491619999999,-1.9027304600000001,-1.5039185600000005,-1.681914388,1.056329037634202,-0.6255853503657974,-2.738243425634204,33600
-1.9109126799999998,-1.4865262599999993,-1.5289412799999988,-1.505916660000001,-1.6042455800000002,-1.52418892,-2.0104109999999995,-1.773036179999999,-1.8665753000000003,-1.5551341200000004,-1.676588798,1.052706648498814,-0.6238821495011857,-2.729295446498816,33700
-1.91792456,-1.4585108199999994,-1.5174418599999988,-1.519145140000001,-1.5801907000000002,-1.56238548,-1.9821986599999997,-1.7540441799999988,-1.8566399600000005,-1.5874323400000006,-1.6735913699999998,1.0597169986635553,-0.6138743713364441,-2.7333083686635575,33800
-1.95450342,-1.4703294599999992,-1.5362984199999985,-1.5036940600000008,-1.5548343800000004,-1.5611220000000003,-1.9678825399999997,-1.779959119999999,-1.9331735400000005,-1.5725975200000004,-1.683439446,1.0678365891524535,-0.6156028568475459,-2.751276035152456,33900
-1.97580772,-1.4732542399999995,-1.5414452599999984,-1.5478414600000008,-1.5491633400000004,-1.5924910800000003,-1.9879279399999996,-1.762239259999999,-1.8722275000000004,-1.5914041600000004,-1.689380196,1.0678337840532799,-0.6215464119467197,-2.757213980053282,34000
-1.9385234199999999,-1.4798875599999994,-1.5211011399999987,-1.541032020000001,-1.5641872800000005,-1.6170581200000003,-2.00920758,-1.7296143599999987,-1.8984283400000004,-1.5958918200000003,-1.689493164,1.059404141999837,-0.6300890220001625,-2.7488973059998396,34100
-1.9238956399999998,-1.4866271799999993,-1.5261043199999986,-1.532589120000001,-1.5739790000000005,-1.6756959400000004,-1.9593435599999998,-1.7140034399999988,-1.8484767000000002,-1.6758696000000004,-1.6916584499999998,1.0656355112409026,-0.626022938759097,-2.7572939612409058,34200
-1.9381513799999996,-1.4645296199999993,-1.4667675399999986,-1.5868998800000012,-1.5974488000000004,-1.7787266200000005,-1.9747430799999999,-1.695730339999999,-1.8808175200000001,-1.6454853200000006,-1.70293001,1.063003857681408,-0.6399261523185914,-2.765933867681411,34300
-1.9525707999999997,-1.4465584599999994,-1.4866773599999987,-1.6466783400000011,-1.5816285600000006,-1.7066131200000008,-1.9724598999999998,-1.7040319399999988,-1.8231886400000001,-1.6614105400000005,-1.6981817660000003,1.056852930292649,-0.6413288357073503,-2.755034696292652,34400
-1.9295000999999998,-1.4396789399999994,-1.5309972599999986,-1.6333644400000011,-1.6307808800000005,-1.6966439400000006,-1.9632030199999997,-1.7031728799999988,-1.8288684400000002,-1.6792442800000007,-1.703545418,1.0590744605190507,-0.6444709574809486,-2.7626198785190534,34500
-1.9380290199999999,-1.4353772399999993,-1.5332202199999987,-1.677222580000001,-1.6068706000000006,-1.6820999600000008,-1.9341937599999997,-1.6838215999999986,-1.8574270200000003,-1.6500303600000006,-1.699829236,1.0602268952220137,-0.6396023407779856,-2.7600561312220164,34600
-1.9106539399999998,-1.4025824199999994,-1.5567773199999988,-1.686047220000001,-1.6132437000000004,-1.6831428800000006,-1.9089437599999997,-1.7072354599999986,-1.8200673800000005,-1.641723900000001,-1.6930417979999999,1.0594540827643246,-0.6335877152356748,-2.752495880764327,34700
-1.8721266399999996,-1.4259612999999995,-1.5545918199999988,-1.7376873000000008,-1.5656175000000006,-1.6531134000000005,-1.9220807799999997,-1.7403915599999984,-1.8592223800000005,-1.6432495800000009,-1.6974042259999995,1.0505781780806955,-0.6468260479193039,-2.747982404080698,34800
-1.8868382199999996,-1.4358860199999999,-1.5494909199999989,-1.7204963400000008,-1.5000741000000004,-1.6595304200000007,-1.8779503,-1.7433297599999984,-1.8543980000000004,-1.636169000000001,-1.6864163079999996,1.0318165381042064,-0.6545997698957933,-2.718232846104209,34900
-1.9209071199999996,-1.4691154599999998,-1.5465975599999988,-1.6759701800000009,-1.5321225000000005,-1.6810940200000006,-1.7726850399999998,-1.703042199999998,-1.9232349400000004,-1.593216680000001,-1.6817985699999998,1.0263209697159985,-0.6554776002840011,-2.708119539716001,35000
-1.95507828,-1.48677946,-1.5625983199999987,-1.6985021800000006,-1.5268862000000005,-1.6891709400000008,-1.75543572,-1.735379899999998,-1.9116235200000002,-1.653307660000001,-1.6974762179999998,1.0306059339214755,-0.6668702840785242,-2.7280821519214777,35100
-1.9398702399999999,-1.46400614,-1.5820639199999986,-1.7422352600000008,-1.5222945400000003,-1.7464484600000008,-1.7098050799999998,-1.6580135599999983,-1.9018413400000003,-1.6448587200000009,-1.691143726,1.0336625258520953,-0.6574812001479043,-2.7248062518520983,35200
-1.9179013799999998,-1.46257468,-1.5859748999999985,-1.7400656800000007,-1.5226919800000003,-1.773842640000001,-1.7047804799999997,-1.7370117799999982,-1.9111990400000003,-1.6682365000000008,-1.702427906,1.0454723092349167,-0.6569555967650831,-2.7479002152349197,35300
-1.8988019799999998,-1.4464076599999998,-1.6177085999999985,-1.746949580000001,-1.52496548,-1.777061280000001,-1.6924349799999998,-1.7324790199999984,-1.83904024,-1.6361029400000007,-1.6911951760000001,1.043507856177333,-0.6476873198226667,-2.734703032177336,35400
-1.8955208799999996,-1.4473880399999999,-1.5969984599999987,-1.7843989800000009,-1.5496587400000001,-1.7965091000000009,-1.6728991599999998,-1.7316976199999983,-1.7373395200000001,-1.5857427400000008,-1.6798153240000002,1.032148462984511,-0.6476668610154889,-2.711963786984514,35500
-1.9018253999999997,-1.49887238,-1.5963849199999987,-1.7840489400000008,-1.55119478,-1.818625560000001,-1.64353154,-1.731590879999998,-1.769101,-1.5907082200000007,-1.6885883620000002,1.0346834063216503,-0.6539049556783496,-2.7232717683216534,35600
-1.9068992599999997,-1.4945419000000002,-1.6122194199999986,-1.7806598400000007,-1.5257742400000003,-1.814860800000001,-1.7124215999999999,-1.7120652199999982,-1.7650112000000002,-1.5942710800000006,-1.691872456,1.0434226163935891,-0.6484498396064109,-2.735295072393592,35700
-1.9119253999999999,-1.48114966,-1.5959268399999988,-1.7518960800000007,-1.5153019600000004,-1.801192540000001,-1.6526794999999999,-1.716758679999998,-1.7667576200000001,-1.6149882600000007,-1.6808576540000002,1.0401251475970037,-0.6407325064029963,-2.720982801597006,35800
-1.89893498,-1.4683146600000003,-1.595603039999999,-1.724173720000001,-1.4677540200000008,-1.7961903200000011,-1.6791656799999999,-1.6751214599999984,-1.6893300400000004,-1.5967791200000006,-1.659136704,1.0293046703808972,-0.6298320336191028,-2.6884413743808993,35900
-1.88682704,-1.52330932,-1.6078112399999989,-1.7152023800000007,-1.482987440000001,-1.7869877600000013,-1.6928078599999998,-1.7552461199999985,-1.6711493600000003,-1.6404378000000002,-1.676276632,1.029258097352895,-0.6470185346471048,-2.7055347293528973,36000
-1.87339836,-1.5053987000000004,-1.543054659999999,-1.7488603400000005,-1.4766645400000007,-1.8043269800000012,-1.7073164999999997,-1.7194488399999985,-1.6940045000000004,-1.6983783000000003,-1.677085172,1.023506978146136,-0.6535781938538642,-2.700592150146138,36100
-1.88475226,-1.5583303600000005,-1.582632519999999,-1.7696331800000007,-1.5004343600000007,-1.7334287600000013,-1.7655318,-1.7971044199999986,-1.6602471000000005,-1.7377292800000004,-1.698982404,1.0160122923831778,-0.6829701116168223,-2.71499469638318,36200
-1.8763993799999996,-1.5627292200000005,-1.6184890399999992,-1.8054540000000008,-1.5236403400000007,-1.6987109600000014,-1.74969032,-1.7567179199999985,-1.6528383400000006,-1.7645736400000005,-1.700924316,1.0206622038369622,-0.6802621121630381,-2.721586519836964,36300
-1.8930135399999997,-1.6137730000000006,-1.6456612199999991,-1.816381240000001,-1.5232183800000008,-1.7187057400000014,-1.7515754000000001,-1.8038313199999985,-1.6721775000000005,-1.7758158200000005,-1.7214153159999999,1.02120034779941,-0.7002149682005903,-2.742615663799412,36400
-1.7917160799999996,-1.6241556000000006,-1.6443167999999992,-1.8185144800000008,-1.5207325400000007,-1.6807369200000013,-1.74016222,-1.7776760399999987,-1.6770026800000004,-1.7699654400000007,-1.70449788,0.9997458200341727,-0.7047520599658276,-2.704243700034175,36500
-1.7847404199999997,-1.6414807200000008,-1.641751779999999,-1.7800116000000008,-1.4783777400000009,-1.7221273200000013,-1.7416667600000002,-1.7418240999999985,-1.6441987200000006,-1.7944739200000006,-1.697065308,0.9964282654562107,-0.7006370425437897,-2.693493573456213,36600
-1.8367413199999996,-1.6841055200000006,-1.6710401399999992,-1.8361967000000008,-1.505612120000001,-1.7392253200000014,-1.7154015400000002,-1.6939124799999987,-1.6920589600000004,-1.832978760000001,-1.720727286,0.9979303152039921,-0.7227969707960082,-2.7186576012039945,36700
-1.8124763199999998,-1.6731410400000006,-1.600993459999999,-1.7776059800000004,-1.5123500200000008,-1.7242706400000014,-1.6724759200000003,-1.6602089799999988,-1.6957332200000008,-1.842612340000001,-1.6971867920000003,0.9851047983447208,-0.7120819936552795,-2.6822915903447235,36800
-1.8091541399999997,-1.7135472200000006,-1.618218599999999,-1.8060922000000006,-1.5096940200000009,-1.7325343400000015,-1.6833199,-1.6846125199999988,-1.686237500000001,-1.875755320000001,-1.7119165760000004,0.9857122676111674,-0.7262043083888328,-2.6976288436111697,36900
-1.7737556599999997,-1.6750304000000005,-1.6122334199999988,-1.8082984600000003,-1.499414040000001,-1.7460414200000014,-1.6606693000000001,-1.6268899799999987,-1.670106380000001,-1.874776760000001,-1.6947215820000003,0.9774346524161607,-0.7172869295838394,-2.6721562344161627,37000
-1.7896689599999995,-1.6964850200000006,-1.6240087999999988,-1.8294202000000004,-1.491725560000001,-1.7607567600000014,-1.64316064,-1.6399000399999988,-1.724416700000001,-1.854588000000001,-1.7054130680000004,0.9798305925356385,-0.7255824754643616,-2.6852436605356407,37100
-1.7587919999999997,-1.7166125600000006,-1.611506459999999,-1.8760089600000003,-1.493406440000001,-1.7076249000000012,-1.64796762,-1.646775159999999,-1.741965420000001,-1.826868360000001,-1.7027527880000002,0.9793457575754233,-0.7234070304245768,-2.6820985455754247,37200
-1.7604455799999996,-1.7182039800000004,-1.6713474199999991,-1.8803793200000003,-1.4478598000000007,-1.680698260000001,-1.6410394599999998,-1.6025502999999985,-1.7366506600000011,-1.8207587800000014,-1.6959933560000005,0.9808266928794193,-0.7151666631205807,-2.676820048879421,37300
-1.7691863199999998,-1.6910660600000005,-1.698970359999999,-1.8573691800000005,-1.4442336200000008,-1.6793854200000013,-1.6433891,-1.6453392199999985,-1.7220112800000011,-1.8115415400000012,-1.6962492100000006,0.9798011610764686,-0.7164480489235312,-2.676050371076471,37400
-1.7751351599999998,-1.6735224000000004,-1.699377659999999,-1.8614335400000004,-1.3976531200000009,-1.6549627200000012,-1.66779222,-1.6638644399999987,-1.7262276000000012,-1.7981412000000012,-1.6918110060000007,0.969234250626303,-0.7225767553736969,-2.661045256626305,37500
-1.77923726,-1.7080993600000005,-1.7114306799999992,-1.8827869000000004,-1.4057655200000008,-1.6896852600000012,-1.6585787600000002,-1.6548398599999987,-1.7066347200000012,-1.760517780000001,-1.6957576100000005,0.9693138215533863,-0.7264437884466137,-2.6650714315533883,37600
-1.75540846,-1.6817654200000007,-1.700528079999999,-1.9296222200000002,-1.366864040000001,-1.6952200800000012,-1.72447756,-1.6001382599999985,-1.7250270000000012,-1.700110640000001,-1.6879161760000005,0.9753834901698478,-0.7125326858301523,-2.6632996661698503,37700
-1.76605036,-1.6966836800000007,-1.7185938199999993,-1.92975356,-1.3834776800000008,-1.7224159200000013,-1.70744846,-1.6756742599999987,-1.7141925200000012,-1.725403660000001,-1.7039693920000007,0.979649758775231,-0.724319633224769,-2.6836191507752334,37800
-1.74887804,-1.7165051800000009,-1.6918679799999992,-1.9127462400000002,-1.430285900000001,-1.7018335400000013,-1.7316431399999999,-1.6960570999999987,-1.736045400000001,-1.7564167400000008,-1.7122279260000008,0.9855116256590416,-0.7267163003409585,-2.697739551659044,37900
-1.7650751599999999,-1.7249161800000008,-1.7736137999999995,-1.9267673200000002,-1.440280560000001,-1.682852340000001,-1.74475654,-1.7149206599999989,-1.763909000000001,-1.7610676200000008,-1.7298159180000008,0.9880213018499139,-0.7417946161500864,-2.717837219849916,38000
-1.7756953199999999,-1.7632799400000008,-1.7077667399999996,-1.9002063,-1.436687560000001,-1.669851300000001,-1.73373418,-1.7339408999999986,-1.763334780000001,-1.752108980000001,-1.7236606000000005,0.9783031458787506,-0.7453574541212497,-2.7019637458787527,38100
-1.7508349199999997,-1.7317178400000006,-1.6646887199999996,-1.8817578200000002,-1.5133497200000015,-1.7049639800000012,-1.7290391799999998,-1.764559399999999,-1.779521720000001,-1.7701456400000013,-1.7290578940000005,0.9836841786373266,-0.7453737153626737,-2.7127420726373286,38200
-1.7729303199999997,-1.7895415600000006,-1.6759354599999994,-1.9106311000000002,-1.4817171800000013,-1.723041420000001,-1.7309827199999999,-1.7897640999999986,-1.749909920000001,-1.7998817400000013,-1.7424335520000005,0.9868040075400255,-0.7556295444599748,-2.729237559540028,38300
-1.7039578999999998,-1.7945921200000006,-1.6707340799999995,-1.9314257600000002,-1.448202000000001,-1.725148340000001,-1.7588844399999999,-1.824531819999999,-1.7115229400000007,-1.7905190200000016,-1.7359518420000006,0.9760874471343629,-0.7598643948656374,-2.712039289134365,38400
-1.7281374799999998,-1.7836089800000006,-1.6654661399999995,-1.9810474400000002,-1.4830823600000014,-1.7316429400000006,-1.73296418,-1.7296106999999987,-1.6485137800000007,-1.7791875000000013,-1.7263261500000007,0.9586714307328902,-0.7676547192671103,-2.684997580732893,38500
-1.75134988,-1.8059641200000005,-1.6546577399999995,-1.9248426200000004,-1.5234643200000013,-1.6996246800000006,-1.77919304,-1.7076612999999987,-1.6107025800000008,-1.8426640800000014,-1.7300124360000007,0.9618306132572133,-0.7681818227427872,-2.6918430492572156,38600
-1.7735262399999998,-1.8415262800000005,-1.6982202999999996,-1.9548695600000006,-1.5363151600000011,-1.7402407000000004,-1.7833990200000003,-1.6848651999999986,-1.6451203400000005,-1.7883198000000013,-1.7446402600000008,0.9650641242958051,-0.7795761357041954,-2.709704384295807,38700
-1.79265988,-1.8555619600000006,-1.6916771199999996,-1.9425968000000007,-1.575328720000001,-1.7004564600000003,-1.7822081800000005,-1.664102359999999,-1.6284411200000006,-1.774238340000001,-1.740727094000001,0.962210954387018,-0.7785161396129827,-2.7029380483870202,38800
-1.7560315999999998,-1.8728285200000008,-1.6753203399999999,-1.9310075400000004,-1.574200760000001,-1.69698134,-1.7727809,-1.6840637799999987,-1.5421853400000005,-1.800085320000001,-1.7305485440000006,0.9549719699915457,-0.775576574008455,-2.685520513991548,38900
-1.7677296799999995,-1.8576757000000006,-1.7318730799999997,-1.8944252800000003,-1.5897630200000012,-1.66715758,-1.7531374800000001,-1.6839062399999989,-1.5617346000000005,-1.7960176200000013,-1.7303420280000006,0.9518798066435875,-0.7784622213564133,-2.682221834643589,39000
-1.7565302999999997,-1.8593342800000006,-1.7296577999999996,-1.8721120200000003,-1.6074622600000013,-1.64287984,-1.7439041,-1.6635949999999988,-1.5290663800000004,-1.8017651000000012,-1.7206307080000007,0.9575766823543244,-0.7630540256456765,-2.678207390354326,39100
-1.74317942,-1.8442015400000005,-1.7588632599999996,-1.9464270200000005,-1.6330809800000012,-1.5912332999999999,-1.7747363200000001,-1.6766535999999987,-1.5648943400000004,-1.7422580400000012,-1.7275527820000007,0.9453306972310821,-0.7822220847689185,-2.672883479231084,39200
-1.753717,-1.8600490600000006,-1.7330658399999996,-1.8878840000000003,-1.656336560000001,-1.5094789599999998,-1.77800582,-1.6862380199999987,-1.5107432000000005,-1.7513696800000011,-1.7126888140000005,0.9372860538537969,-0.7754027601462038,-2.6499748678537984,39300
-1.77804742,-1.8728296200000005,-1.7018311599999996,-1.8393128200000002,-1.697199380000001,-1.5440929799999998,-1.74247942,-1.6996341399999988,-1.5191991600000005,-1.720906260000001,-1.7115532360000005,0.9400815578044996,-0.7714716781955011,-2.6516347938045017,39400
-1.7575739400000001,-1.8795674800000006,-1.7272439599999996,-1.8755671600000001,-1.642981900000001,-1.5560796199999998,-1.7652512999999999,-1.717144839999999,-1.5364558600000005,-1.713291080000001,-1.7171157140000008,0.9401990195048,-0.7769166944952006,-2.657314733504802,39500
-1.78241712,-1.9015496200000006,-1.7215401999999997,-1.8396639600000002,-1.668758320000001,-1.6126311199999999,-1.7320545999999999,-1.701750579999999,-1.5615604800000003,-1.733710880000001,-1.7255636880000005,0.9416825427308805,-0.7838811452691202,-2.6672462307308824,39600
-1.79978214,-1.9127234200000007,-1.7109321199999996,-1.84580548,-1.6880210200000008,-1.5923109799999997,-1.7798626,-1.685966399999999,-1.59153552,-1.7743182000000006,-1.7381257880000007,0.943078051667685,-0.7950477363323156,-2.6812038396676865,39700
-1.8740620000000001,-1.9137553800000007,-1.7941384999999994,-1.8108387400000001,-1.6813950800000006,-1.61973752,-1.7631877999999999,-1.702222439999999,-1.5736881000000003,-1.758584060000001,-1.7491609620000008,0.9623282561154904,-0.7868327058845103,-2.7114892181154913,39800
-1.8551384400000002,-1.9212589000000007,-1.7820340399999994,-1.79337282,-1.6815964000000008,-1.6167147599999998,-1.7836331799999996,-1.714351399999999,-1.5336158600000005,-1.7728217600000007,-1.7454537560000007,0.9722707536626762,-0.7731830023373244,-2.7177245096626774,39900
-1.78876228,-1.8913642800000006,-1.8403389799999996,-1.7916456000000003,-1.6733366800000007,-1.6173171,-1.7994035199999996,-1.7151931599999992,-1.4862907800000005,-1.8216912200000008,-1.7425343600000007,0.9602889163132639,-0.7822454436867368,-2.702823276313265,40000
-1.82602658,-1.8762292000000005,-1.8223195199999997,-1.7510812200000003,-1.6704187200000007,-1.6235378,-1.8161057799999996,-1.707068199999999,-1.5096366600000004,-1.787168920000001,-1.7389592600000006,0.9678723861365701,-0.7710868738634307,-2.7068316461365716,40100
-1.8280770199999998,-1.8910075000000006,-1.8179826599999998,-1.7280149400000002,-1.6853923400000008,-1.56292722,-1.8535029399999994,-1.747373879999999,-1.4765814800000008,-1.7776309600000006,-1.7368490940000008,0.9599414765393658,-0.7769076174606349,-2.696790570539367,40200
-1.8547810799999995,-1.9246796200000005,-1.83966372,-1.7020020400000002,-1.6879118000000009,-1.6154052200000002,-1.9211472799999993,-1.689752879999999,-1.487203800000001,-1.7582320800000009,-1.7480779520000005,0.9642379760342685,-0.7838399759657321,-2.7123159280342692,40300
-1.9202367399999998,-1.9608006800000004,-1.8136451199999999,-1.6932684,-1.684537160000001,-1.6017374800000002,-1.9096018999999993,-1.690227819999999,-1.5090070600000007,-1.7760528000000009,-1.7559115160000005,0.967554844374079,-0.7883566716259216,-2.7234663603740796,40400
-1.9193208,-1.9627166800000004,-1.85052244,-1.6653860600000001,-1.675813020000001,-1.59376456,-1.9242934799999996,-1.6855354799999989,-1.5333814400000005,-1.8132362200000005,-1.7623970180000004,0.96505468429005,-0.7973423337099504,-2.7274517022900504,40500
-1.94434686,-1.9249926800000003,-1.88121228,-1.6871192000000002,-1.6424163800000011,-1.6111292000000004,-1.9021245399999995,-1.728608479999999,-1.5216965200000008,-1.8257207600000007,-1.7669366900000003,0.9625832052972018,-0.8043534847027987,-2.729519895297202,40600
-1.9376349400000001,-1.9802915800000003,-1.87586162,-1.6923803600000003,-1.6566350000000007,-1.5995580000000005,-1.8074269599999995,-1.7051739399999988,-1.5505499200000006,-1.7955773000000008,-1.7601089620000006,0.9668049930383792,-0.7933039689616211,-2.7269139550383796,40700
-1.92361366,-1.99895236,-1.9100892600000001,-1.6803937800000002,-1.6728168400000007,-1.5983222600000004,-1.8587037599999994,-1.712268999999999,-1.5574490600000004,-1.7577700400000007,-1.7670380020000005,0.967939316384638,-0.7990986856153622,-2.7349773183846384,40800
-1.93632982,-2.0075236999999997,-1.94575536,-1.6852130800000003,-1.6698569800000007,-1.5958764600000004,-1.8869967599999995,-1.7359890599999988,-1.5557844200000006,-1.759594960000001,-1.7778920600000006,0.9777302988085335,-0.8001617611914671,-2.7556223588085333,40900
-1.9274141799999998,-1.9912993399999999,-1.9168628,-1.74573686,-1.6795979000000005,-1.5841349000000002,-1.8878698799999996,-1.6854044199999987,-1.5824613600000006,-1.758300460000001,-1.7759082100000005,0.969514270994204,-0.8063939390057965,-2.745422480994204,41000
-1.9175843799999999,-1.9697238599999998,-1.92276734,-1.72202574,-1.7034225400000005,-1.6103016800000003,-1.8709415799999993,-1.7044605199999987,-1.6126121800000006,-1.732277880000001,-1.7766117700000006,0.9745824955969609,-0.8020292744030396,-2.751194265596961,41100
-1.93637534,-1.9267307199999997,-1.9209865,-1.6966726,-1.7075696800000006,-1.6433566800000003,-1.8640522799999995,-1.6499189199999988,-1.6119235400000005,-1.7100188400000007,-1.7667605100000006,0.9687194086868861,-0.7980411013131145,-2.735479918686886,41200
-1.87641234,-1.9110082999999998,-1.8876249999999999,-1.65443346,-1.6703932400000006,-1.6431451200000005,-1.8748880599999993,-1.630479119999999,-1.6350551000000004,-1.7017711800000006,-1.7485210920000005,0.9639470670080067,-0.7845740249919939,-2.712468159008006,41300
-1.8865076799999998,-1.87305638,-1.86334596,-1.6497366,-1.6582140200000004,-1.6198415200000005,-1.8278811399999992,-1.610274479999999,-1.6142511800000006,-1.7020305800000006,-1.7305139540000007,0.9669547497420854,-0.7635592042579152,-2.6974687037420852,41400
-1.9376805199999998,-1.8936772399999997,-1.8851274,-1.6756805799999999,-1.6973578000000002,-1.6075850800000007,-1.8374022599999993,-1.614911179999999,-1.6528767600000003,-1.7029857600000005,-1.750528458000001,0.9759362201425826,-0.7745922378574179,-2.7264646781425825,41500
-2.00402246,-1.8618299799999998,-1.8746914000000001,-1.6792329999999998,-1.7040688400000001,-1.5802555600000006,-1.8585659399999992,-1.642381979999999,-1.6493175800000004,-1.7275565400000006,-1.758192328000001,0.9819992764080101,-0.7761930515919905,-2.7401916044080097,41600
-1.99260848,-1.8198696399999996,-1.88349444,-1.61830726,-1.6694172800000002,-1.5821492000000006,-1.9100037999999993,-1.6429885799999988,-1.6072346200000005,-1.7160088800000002,-1.744208218000001,0.9842250188209049,-0.7599831991790957,-2.7284332368209046,41700
-1.9782078799999996,-1.8853061599999996,-1.8624669200000001,-1.6238082400000002,-1.69652432,-1.5697096200000005,-1.9094872599999995,-1.6382427399999988,-1.6365139000000002,-1.70068318,-1.7500950220000007,0.995801482192761,-0.7542935398072398,-2.7458965041927605,41800
-1.9918139599999998,-1.8744000599999995,-1.8890971800000003,-1.60183442,-1.71475602,-1.6261957000000005,-1.8856226999999997,-1.6316407399999988,-1.6231256200000002,-1.6796112399999998,-1.7518097640000008,1.0037188347275559,-0.7480909292724449,-2.7555285987275555,41900
-2.05866238,-1.9009437399999995,-1.8946105800000004,-1.5966716600000004,-1.75502956,-1.5746064600000003,-1.8499647399999994,-1.664282219999999,-1.6194230800000002,-1.6676787199999998,-1.7581873140000008,1.0152808083081433,-0.7429065056918576,-2.773468122308143,42000
-2.0333479999999997,-1.8906407399999994,-1.8793123600000001,-1.5867610400000003,-1.7583879000000002,-1.6105515000000004,-1.8205050999999997,-1.681728419999999,-1.5542368800000004,-1.6689395999999996,-1.7484411540000009,1.007532316914485,-0.7409088370855157,-2.755973470914485,42100
-2.0193823199999996,-1.8987432399999995,-1.8682330600000001,-1.5518062400000006,-1.7688203000000002,-1.6242410800000002,-1.8730021799999996,-1.6666648599999987,-1.5853998600000003,-1.6915286599999997,-1.7547821800000007,1.0157184918526916,-0.7390636881473093,-2.770500671852692,42200
-1.9782238399999996,-1.9233590599999997,-1.8244271600000002,-1.5435779600000004,-1.7996719,-1.6136065000000002,-1.85232896,-1.6814162999999989,-1.59414212,-1.6955261399999995,-1.7506279940000007,1.008677326978994,-0.7419506670210069,-2.759305320978994,42300
-1.9672328199999995,-1.9036875599999996,-1.8027616600000003,-1.56886882,-1.81204676,-1.6097344200000003,-1.8228685199999999,-1.6623420399999989,-1.5849240200000003,-1.6938908799999997,-1.7428357500000007,1.002975939059335,-0.739859810940666,-2.745811689059335,42400
-1.9899388799999995,-1.9327845599999995,-1.7926704400000002,-1.5880051600000002,-1.8257154200000003,-1.6096126200000003,-1.82838516,-1.7140516399999988,-1.6079831400000004,-1.7083654999999995,-1.7597512520000007,1.011585236753222,-0.7481660152467791,-2.771336488753222,42500
-1.9856523999999993,-1.9029444199999994,-1.7841855000000002,-1.55294172,-1.82936078,-1.5969749200000003,-1.8308489600000002,-1.7084272399999987,-1.6287872,-1.7317552399999996,-1.7551878380000008,1.0074830824782899,-0.7477047555217112,-2.7626709204782895,42600
-2.0065097599999993,-1.9149734199999995,-1.7813600399999998,-1.58915516,-1.81841384,-1.5957197800000003,-1.7539799000000003,-1.7312824599999987,-1.6834580800000003,-1.7522436399999994,-1.7627096080000006,1.0116924737359518,-0.7510171342640493,-2.774402081735951,42700
-1.9918444399999993,-1.8537152599999995,-1.7458779199999999,-1.61489394,-1.81523472,-1.5994888,-1.7356317400000003,-1.6825915599999988,-1.7475757800000002,-1.7642994399999994,-1.7551153600000007,1.0086898877080683,-0.7464254722919327,-2.7638052477080675,42800
-2.005026879999999,-1.8459167799999994,-1.7755995599999996,-1.58113236,-1.7951004999999998,-1.6266194200000001,-1.6967298000000002,-1.6818078799999987,-1.7450854400000002,-1.7642571799999995,-1.7517275800000007,1.0008911664021394,-0.7508364135978616,-2.7526187464021388,42900
-1.9636152599999992,-1.8083581799999997,-1.7042673799999997,-1.56804478,-1.8170185199999997,-1.61875394,-1.6614498600000003,-1.6715359599999986,-1.7344981400000004,-1.8298988399999996,-1.7377440860000006,1.005666338556005,-0.7320777474439961,-2.743410424556004,43000
-1.968210559999999,-1.7594243799999996,-1.6872858199999996,-1.5667478,-1.8282823799999997,-1.6145742,-1.6627825,-1.6475927399999986,-1.7113815800000003,-1.8525878199999994,-1.7298869780000006,1.0052788431628878,-0.7246081348371134,-2.735165821162887,43100
-1.979082499999999,-1.7740433999999996,-1.7148257799999995,-1.57727128,-1.7751312999999995,-1.5708366800000002,-1.66419836,-1.6548632799999985,-1.6860579000000004,-1.8480368199999992,-1.7244347300000007,0.9943490273527084,-0.7300857026472926,-2.718783757352708,43200
-1.935592199999999,-1.7096875799999995,-1.7279121199999998,-1.5426617999999999,-1.7927458199999995,-1.5740584600000003,-1.6964985799999999,-1.6359777599999985,-1.6857069200000003,-1.8481594399999992,-1.7149000680000006,0.9927011187957153,-0.7221989492042857,-2.707601186795715,43300
-1.9787697199999992,-1.7408612399999996,-1.7626071999999997,-1.54836322,-1.8454683599999995,-1.5718749800000003,-1.6728932399999998,-1.6031215199999982,-1.6783209600000004,-1.867864919999999,-1.7270145360000007,0.9968378101281142,-0.7301767258718868,-2.7238523461281137,43400
-1.939257279999999,-1.7806431999999999,-1.7503493199999998,-1.48908984,-1.8424464399999994,-1.5730099800000006,-1.67312522,-1.6237547599999984,-1.7067490200000004,-1.865398439999999,-1.7243823500000004,0.9952928308763053,-0.7290895191236956,-2.719675180876304,43500
-1.952801459999999,-1.7618803799999998,-1.7766337799999996,-1.5069065000000001,-1.8286288399999995,-1.6107115200000006,-1.65689854,-1.6272296399999986,-1.7157424800000003,-1.821068939999999,-1.7258502080000004,0.9855450873498179,-0.740305120650183,-2.711395295349817,43600
-1.910193239999999,-1.75384324,-1.7349857999999998,-1.4543391399999999,-1.8702687799999995,-1.5999840200000008,-1.6554655399999998,-1.6525880799999983,-1.7014916200000005,-1.872752579999999,-1.7205912040000007,0.9780599429633661,-0.7425312610366349,-2.6986511469633654,43700
-1.9033071599999989,-1.75724242,-1.7468722199999995,-1.4905392199999996,-1.8740928599999995,-1.6010716800000009,-1.65980724,-1.6649411399999983,-1.6875584800000005,-1.9230386599999991,-1.7308471080000007,0.987156543920221,-0.7436905640797797,-2.71800365192022,43800
-1.913922639999999,-1.7262602599999999,-1.7624065199999996,-1.4895906999999997,-1.8507673799999995,-1.640307760000001,-1.67733372,-1.6210506599999983,-1.7378520600000005,-1.8889925599999993,-1.7308484260000008,0.98920698349371,-0.7416414425062909,-2.720055409493709,43900
-1.946806179999999,-1.7542198999999998,-1.7040576199999995,-1.5075464399999998,-1.8436688399999994,-1.663680940000001,-1.6720474600000004,-1.684784199999998,-1.7470062800000006,-1.8720769199999991,-1.739589478000001,1.0007098580700633,-0.7388796199299377,-2.7402993360700627,44000
-1.944668179999999,-1.7880897599999996,-1.6794564999999995,-1.5126493399999998,-1.8218700599999993,-1.663721080000001,-1.6544853200000003,-1.7897522599999982,-1.7292383800000009,-1.8548419799999993,-1.743877286000001,1.0198916023461413,-0.7239856836538597,-2.763768888346141,44100
-1.9356738599999987,-1.8283797199999998,-1.6482643199999996,-1.43640168,-1.7673649399999993,-1.6435851200000011,-1.6235814800000004,-1.8065723399999982,-1.7140284000000008,-1.8629068599999994,-1.7266758720000006,1.0235751887247977,-0.7031006832752034,-2.750251060724797,44200
-1.9326746599999987,-1.8282263199999997,-1.6456061799999997,-1.43740262,-1.7279877999999993,-1.644417040000001,-1.6071880600000004,-1.8346065799999982,-1.743563360000001,-1.8869322399999995,-1.728860486000001,1.0214716889454012,-0.7073887970545998,-2.750332174945401,44300
-1.904351599999999,-1.8167023999999998,-1.68013612,-1.4849275,-1.7139978599999994,-1.6099446000000008,-1.6031404200000003,-1.7933131199999983,-1.748576200000001,-1.8826596199999994,-1.723774944000001,1.022882324667747,-0.700892619332254,-2.7466572686677466,44400
-1.9180794599999986,-1.84368304,-1.6342997600000002,-1.48625874,-1.7071787399999996,-1.5828472400000007,-1.6527576200000005,-1.804062819999998,-1.7537325400000008,-1.9022274999999993,-1.728512746000001,1.0267178036681797,-0.7017949423318213,-2.7552305496681795,44500
-1.879633219999999,-1.8520378199999998,-1.63651274,-1.4875266600000001,-1.7156114999999996,-1.5639163800000007,-1.6551486400000004,-1.821046479999998,-1.7531326600000012,-1.8741829599999995,-1.7238749060000012,1.0229544406596371,-0.7009204653403636,-2.7468293466596374,44600
-1.867100419999999,-1.8244788799999998,-1.6327016,-1.4849352200000001,-1.7313954199999997,-1.5659237800000005,-1.6277905200000007,-1.8236015399999983,-1.727510400000001,-1.8422974799999994,-1.7127735260000012,1.0234993406389854,-0.6892741853610154,-2.736272866638986,44700
-1.866372559999999,-1.7936780199999998,-1.5411688600000002,-1.49358954,-1.73727554,-1.5433778200000003,-1.6678901400000006,-1.806583759999998,-1.7066839800000009,-1.8831440199999994,-1.703976424000001,1.017732750549115,-0.6862436734508858,-2.7217091745491153,44800
-1.8960619999999992,-1.7786180399999998,-1.5692671599999999,-1.4819564400000003,-1.7446178799999998,-1.5879147800000004,-1.6166513800000006,-1.802825299999998,-1.7127159400000007,-1.8732978999999994,-1.7063926820000013,1.017371344538598,-0.6890213374614028,-2.723764026538598,44900
-1.9034790799999994,-1.77655288,-1.5334317,-1.4984511400000002,-1.71511646,-1.5653511800000004,-1.6269078000000008,-1.794101399999998,-1.7105389400000006,-1.8374090199999995,-1.6961339600000014,1.0124575488907985,-0.6836764111092021,-2.708591508890799,45000
-1.8335635799999994,-1.7800894999999999,-1.5284903399999996,-1.52899066,-1.7141044399999998,-1.5950182800000006,-1.594386220000001,-1.8158314799999977,-1.6995870800000008,-1.8661651999999995,-1.6956226780000014,1.0040601229643107,-0.69156255503569,-2.699682800964311,45100
-1.8362539599999996,-1.76204814,-1.4947791599999996,-1.5167037,-1.7022993999999998,-1.6037861200000005,-1.580099100000001,-1.8384331799999976,-1.7271481800000006,-1.8718771799999996,-1.6933428120000014,1.0034235010978576,-0.6899193109021431,-2.696766313097858,45200
-1.81582056,-1.73895078,-1.4751696999999995,-1.5351372600000002,-1.70167578,-1.5468121600000007,-1.5740108600000011,-1.8319121399999978,-1.7296944800000005,-1.8959148599999998,-1.6845098580000015,0.9976000676578031,-0.6869097903421977,-2.682109925657804,45300
-1.8057485599999998,-1.7084337600000001,-1.4641674799999995,-1.5603495,-1.6947229199999998,-1.5472615600000006,-1.572746000000001,-1.8132341599999975,-1.7143649000000007,-1.9419523799999996,-1.6822981220000015,0.9998924775799998,-0.6824056444200007,-2.6821905995800006,45400
-1.8211891199999997,-1.7076920600000003,-1.4257058999999996,-1.57705384,-1.6794623,-1.5586437000000006,-1.6232107000000011,-1.7924536399999977,-1.7171992800000009,-1.8847532999999996,-1.6787363840000014,1.0052167251836568,-0.6735196588163439,-2.683953109183658,45500
-1.7741183599999997,-1.7208156000000003,-1.4608928799999996,-1.5656873000000002,-1.6842276799999996,-1.5383052600000005,-1.650397660000001,-1.7629778599999975,-1.733684360000001,-1.8853194199999996,-1.6776426380000016,1.0059219488686206,-0.67172068913138,-2.6835645868686218,45600
-1.7563490399999997,-1.6343566400000002,-1.4402945199999992,-1.5224597200000003,-1.6542699599999997,-1.5301938600000005,-1.6678205800000012,-1.7787723999999974,-1.7006286000000008,-1.8838035999999994,-1.6568948920000013,0.9873718045160149,-0.6695230874839858,-2.6442666965160164,45700
-1.8004648199999997,-1.6214999400000003,-1.4579354199999992,-1.5461511000000001,-1.65687614,-1.5534051600000003,-1.6216101600000012,-1.7979958799999975,-1.7087721400000009,-1.8989832999999996,-1.6663694060000012,0.9893517596247802,-0.6770176463752207,-2.6557211656247817,45800
-1.8351652999999997,-1.6791687600000003,-1.4510295999999991,-1.5542354400000002,-1.7100277799999999,-1.6077055800000002,-1.5988555800000013,-1.8279222999999973,-1.7230885200000008,-1.9284479799999994,-1.6915646840000012,0.9901663978807779,-0.7013982861192228,-2.68173108188078,45900
-1.8585583399999996,-1.6430943800000002,-1.472890999999999,-1.4964225400000004,-1.8168772399999997,-1.5963856600000002,-1.5928062600000013,-1.7966408199999973,-1.7243694400000007,-1.8902467799999993,-1.6888292460000012,1.0154875976773583,-0.6733416483226423,-2.70431684367736,46000
-1.9092960999999997,-1.6732877600000002,-1.464848519999999,-1.4775958200000006,-1.78973458,-1.54090762,-1.6237886800000012,-1.7713861599999974,-1.6876625600000006,-1.9088236399999994,-1.684733144000001,1.0108359002898144,-0.6738972437101863,-2.695569044289816,46100
-1.8980013599999994,-1.6681988200000004,-1.440126779999999,-1.5270725000000005,-1.74710228,-1.5092336400000002,-1.606145580000001,-1.7554384199999973,-1.6761871600000007,-1.9470893999999996,-1.6774595940000012,1.0171010727668255,-0.6603585212331751,-2.6945606667668276,46200
-1.9477399399999995,-1.6539136000000005,-1.416602359999999,-1.5263808800000005,-1.77714914,-1.50144676,-1.6673627600000012,-1.802842359999997,-1.6819310600000006,-1.9710251999999995,-1.6946394060000012,1.0241637372233232,-0.6704756687766773,-2.718803143223326,46300
-1.9268096399999997,-1.6604933800000004,-1.421793919999999,-1.5068029200000004,-1.80105542,-1.50798238,-1.678280160000001,-1.824796279999997,-1.6900163200000007,-1.9337918399999996,-1.6951822260000011,1.0217851726084843,-0.6733970533915163,-2.716967398608487,46400
-1.8866501599999994,-1.6349091400000004,-1.418525919999999,-1.4769397000000004,-1.7720386199999998,-1.51655362,-1.6508166600000012,-1.8246067599999973,-1.6879313000000007,-1.9434713199999996,-1.681244320000001,1.0155759865699163,-0.6656683334300844,-2.696820306569919,46500
-1.8617996599999995,-1.6608241600000002,-1.433465019999999,-1.5393139600000003,-1.8046283,-1.49988112,-1.6689922200000011,-1.777533779999997,-1.660393420000001,-1.9249246999999996,-1.683175634000001,1.0147561456549203,-0.6684194883450805,-2.697931779654923,46600
-1.8406912199999996,-1.6790261400000004,-1.420237819999999,-1.5295373000000003,-1.8517563,-1.59775356,-1.6097405600000014,-1.784145719999997,-1.6871187600000008,-1.9138067199999997,-1.691381410000001,1.0305856402576365,-0.6607957697423642,-2.7219670502576396,46700
-1.8767588599999996,-1.6152922600000001,-1.4266346799999987,-1.5554965000000005,-1.8352796199999997,-1.6126876799999998,-1.6235502600000011,-1.801467519999997,-1.6473293800000008,-1.9054027199999997,-1.6899899480000011,1.0191166152191327,-0.6708733327808681,-2.7091065632191356,46800
-1.8875334399999997,-1.5898887200000003,-1.4002982399999988,-1.5654578200000002,-1.8009122799999997,-1.55347098,-1.607519060000001,-1.8113177599999972,-1.6790858200000007,-1.9137274799999997,-1.680921160000001,1.0120341113084452,-0.6688870486915556,-2.6929552713084477,46900
-1.8125702999999995,-1.58356468,-1.4059873199999986,-1.5731118000000002,-1.7471465999999998,-1.5620142799999999,-1.619118020000001,-1.774894659999997,-1.6680741600000006,-1.9454442199999997,-1.669192604000001,0.9991342555881089,-0.6700583484118919,-2.6683268595881118,47000
-1.8025330999999998,-1.6849210800000003,-1.4179731799999988,-1.58662506,-1.7686217799999997,-1.5357735399999999,-1.6577488800000009,-1.775738379999997,-1.7303225600000007,-1.9598341199999998,-1.6920091680000011,1.0141613413119808,-0.6778478266880201,-2.706170509311984,47100
-1.8191013399999998,-1.6437548200000003,-1.4516104599999988,-1.64200884,-1.7655561999999998,-1.5359569399999997,-1.605425620000001,-1.8489478199999971,-1.6840053000000006,-1.9233794,-1.6919746740000008,1.0099574024130253,-0.6820172715869756,-2.701932076413028,47200
-1.8615918199999997,-1.6403940600000002,-1.456993319999999,-1.6452952200000002,-1.77762512,-1.54817842,-1.6163744000000009,-1.851499059999997,-1.7007152200000004,-1.9001733,-1.6998839940000008,1.0111526210752988,-0.6887313729247022,-2.7110366150753014,47300
-1.8999481599999997,-1.6301993799999999,-1.4578466399999988,-1.6610341400000002,-1.7976348,-1.5933403199999998,-1.6153186600000007,-1.818278579999997,-1.7088845000000004,-1.92543238,-1.7107917560000008,1.0221863563408198,-0.6886053996591811,-2.7329781123408226,47400
-1.8720769799999997,-1.6523424,-1.4747618599999988,-1.6592484400000003,-1.8463453799999996,-1.5985773399999998,-1.5837152400000005,-1.7680478399999973,-1.7291486200000004,-1.9155948,-1.7099858900000007,1.029879703455343,-0.6801061865446577,-2.739865593455346,47500
-1.8485475799999997,-1.6675076199999999,-1.5064070799999987,-1.6758370600000003,-1.8508567599999999,-1.6281512,-1.5857931600000004,-1.7623061199999972,-1.7579816200000005,-1.91734022,-1.7200728420000007,1.0390328104440827,-0.6810400315559181,-2.759105652444086,47600
-1.9004485999999998,-1.6375470199999997,-1.5116637399999988,-1.5953295600000004,-1.8630957199999998,-1.6348355400000003,-1.6263863600000001,-1.7837475199999973,-1.6971554400000002,-1.92616552,-1.7176375020000005,1.029727708555094,-0.6879097934449067,-2.747365210555097,47700
-1.9224929199999996,-1.6350391799999997,-1.5094969799999987,-1.5930719200000005,-1.87408132,-1.6230183800000004,-1.62026614,-1.7757455399999973,-1.6388430400000003,-1.8886329800000001,-1.7080688400000006,1.0254927455327305,-0.6825760944672702,-2.733561585532734,47800
-1.9092692999999996,-1.6011287199999997,-1.5918846999999987,-1.6180437400000005,-1.84847014,-1.6103591800000003,-1.6388618199999998,-1.7704587999999972,-1.6435729000000003,-1.85446616,-1.7086515460000005,1.0394596587221456,-0.6691918872778553,-2.7481112047221488,47900
-1.9053179199999997,-1.6357985199999996,-1.6335401399999987,-1.6072882600000005,-1.82363044,-1.6123917600000004,-1.65943446,-1.7870973799999974,-1.6301857200000003,-1.82733954,-1.7122024140000003,1.0306368309989005,-0.6815655830011005,-2.7428392449989043,48000
-1.890955,-1.6718291799999994,-1.6173296799999988,-1.6232460000000004,-1.8304529600000001,-1.6560142000000002,-1.6528034600000001,-1.7834671199999974,-1.6554207000000005,-1.8179171000000003,-1.71994354,1.0328333003110328,-0.6871102396889681,-2.7527768403110366,48100
-1.91014814,-1.6539187599999994,-1.6211719199999988,-1.5948958400000004,-1.81405034,-1.68608992,-1.6675232000000002,-1.8031059799999973,-1.6605004600000004,-1.8248084600000005,-1.723621302,1.0365728115112798,-0.6870484904887211,-2.7601941135112833,48200
-1.9024080799999998,-1.6717895599999995,-1.6196957599999988,-1.6178711000000003,-1.7889584200000002,-1.6505029,-1.7254165800000003,-1.7887106199999974,-1.6539221600000005,-1.8021535600000005,-1.722142874,1.049713751339273,-0.6724291226607281,-2.771856625339276,48300
-1.8811056999999998,-1.6500327199999993,-1.5937650999999988,-1.5941201800000004,-1.7953955400000003,-1.6554544199999999,-1.7507746000000004,-1.7859801799999975,-1.7027761200000007,-1.8312236200000003,-1.724062818,1.0516072009213555,-0.6724556170786454,-2.775670018921359,48400
-1.9063539399999996,-1.6046045599999992,-1.6086656399999988,-1.6212640000000005,-1.7903574200000005,-1.6540260999999998,-1.7379274800000004,-1.794212319999997,-1.6574625400000007,-1.8069475600000005,-1.7181821560000001,1.0482812191961968,-0.6699009368038041,-2.766463375196201,48500
-1.9459136399999997,-1.6390942999999991,-1.5622323599999988,-1.6095425200000002,-1.7775153000000006,-1.6545583799999997,-1.6999990400000005,-1.7828185999999975,-1.6428514400000005,-1.8123258800000004,-1.712685146,1.0588590898719275,-0.6538260561280732,-2.7715442358719313,48600
-1.9592984799999997,-1.6268971599999988,-1.5478112399999986,-1.6559740800000002,-1.7351693200000005,-1.6484178599999995,-1.7139665000000006,-1.7637812599999976,-1.6221171000000008,-1.7622576800000005,-1.703569068,1.0611242119480517,-0.642444856051949,-2.7646932799480557,48700
-1.9323706799999996,-1.6210834199999988,-1.5546332799999987,-1.5996566600000002,-1.7125606600000005,-1.6550814799999995,-1.7295159400000006,-1.7620751199999976,-1.6234153600000008,-1.7297621000000003,-1.6920154699999999,1.0511936864725144,-0.6408217835274864,-2.7432091564725183,48800
-1.9023775199999995,-1.6662658599999989,-1.558376139999999,-1.6431680600000005,-1.7666907200000006,-1.6627451199999996,-1.7467948600000005,-1.7497118199999975,-1.5697518800000005,-1.7333312400000003,-1.6999213219999996,1.0560700126056026,-0.643851309394398,-2.7559913346056066,48900
-1.8846147999999996,-1.6733428999999989,-1.575834019999999,-1.6120486000000003,-1.7945524400000006,-1.6331855799999997,-1.7541774600000004,-1.7431714999999977,-1.5442782200000005,-1.7641343,-1.6979339819999995,1.0515419896101743,-0.6463919923898263,-2.7494759716101784,49000
-1.9028102599999994,-1.641280639999999,-1.5910917399999989,-1.6099044200000003,-1.8235964000000005,-1.6748022399999996,-1.7889405800000002,-1.7086608399999976,-1.5779030400000005,-1.79474672,-1.7113736879999992,1.038707230778117,-0.6726664572218835,-2.7500809187781208,49100
-1.9124381599999996,-1.567620319999999,-1.5836594199999987,-1.6371693000000003,-1.8343045600000005,-1.7074264799999996,-1.7742837200000003,-1.7003883599999978,-1.5956694000000005,-1.77292926,-1.7085888979999992,1.0306529397026223,-0.6779359582973781,-2.739241837702626,49200
-1.8676256799999995,-1.533749399999999,-1.5989988799999986,-1.66710182,-1.8198084400000005,-1.6971809399999997,-1.7602535600000004,-1.6600346799999977,-1.5867607800000005,-1.75616808,-1.694768225999999,1.0261534770483525,-0.6686147489516481,-2.720921703048356,49300
-1.9249949199999994,-1.534774299999999,-1.6272276799999985,-1.6327499400000003,-1.7958522800000005,-1.70768002,-1.7622946800000006,-1.6484189199999977,-1.5533665400000003,-1.76180172,-1.694916099999999,1.0282041410695353,-0.6667119589304653,-2.723120241069539,49400
-1.9139062799999993,-1.5322201999999987,-1.6407808199999985,-1.6340571600000002,-1.8091394600000006,-1.72463538,-1.6763126400000004,-1.610222019999998,-1.5308770000000005,-1.7582407600000003,-1.6830391719999989,1.0194354601027031,-0.6636037118972975,-2.702474632102707,49500
-1.8910651599999992,-1.496305939999999,-1.6578545799999986,-1.6107040400000003,-1.7823332000000007,-1.6990288800000002,-1.6900885200000002,-1.618549199999998,-1.4856264200000004,-1.7707095800000001,-1.6702265519999988,1.0150161675626925,-0.6552103844373081,-2.6852427195626967,49600
-1.945321319999999,-1.522130939999999,-1.6327433599999985,-1.6016584800000002,-1.7965753800000008,-1.7119856200000003,-1.72373068,-1.6290070799999978,-1.4932644600000002,-1.7633060400000002,-1.681972335999999,1.0235994630760528,-0.6583728729239481,-2.7055717990760564,49700
-1.8934018999999993,-1.535367399999999,-1.6457337799999985,-1.5850285200000003,-1.8230507000000005,-1.7340530000000003,-1.6759322400000003,-1.630237899999998,-1.5377289800000005,-1.7200687800000003,-1.678060319999999,1.0111945790937076,-0.666865740906293,-2.689254899093711,49800
-1.8884293799999992,-1.544746679999999,-1.6646527399999984,-1.5940901200000002,-1.8069929000000007,-1.6805375000000005,-1.7050181400000002,-1.603511999999998,-1.6045198000000005,-1.6688346600000004,-1.676133391999999,1.0131113358665806,-0.6630220561334201,-2.689244727866584,49900
-1.938383699999999,-1.515209679999999,-1.6758790799999985,-1.5764939800000002,-1.8242754400000007,-1.7023067600000004,-1.7334124400000002,-1.651270579999998,-1.5820732800000004,-1.7413107800000003,-1.6940615719999987,1.03083758106545,-0.6632239909345508,-2.724899153065453,50000
-1.9479880399999991,-1.5096183599999988,-1.6855073599999986,-1.5640715400000003,-1.8317890800000007,-1.6748422400000005,-1.7473954400000002,-1.613866859999998,-1.5555093600000003,-1.7064765200000003,-1.6837064799999988,1.0225396358625098,-0.6611668441374909,-2.7062461158625126,50100
-1.9700568799999987,-1.4928849799999988,-1.7256706399999984,-1.57611432,-1.8416829000000008,-1.6487308000000005,-1.71939974,-1.6441312999999982,-1.5646104600000004,-1.7173391200000003,-1.690062113999999,1.0321375477720047,-0.6579245662279959,-2.7221996617720077,50200
-2.0384298599999986,-1.494803979999999,-1.7127601199999984,-1.61769914,-1.8835654400000008,-1.6461646800000005,-1.6511518800000002,-1.6394793999999981,-1.5564951600000003,-1.6909006000000004,-1.693145025999999,1.0359453476271723,-0.6571996783728282,-2.7290903736271757,50300
-2.0079597599999985,-1.492244859999999,-1.7298643199999983,-1.59097474,-1.8957503000000009,-1.6811467000000004,-1.6418272000000003,-1.6445247199999984,-1.5481538600000002,-1.6299736200000006,-1.686242007999999,1.031283348243475,-0.6549586597565258,-2.7175253562434785,50400
-2.0200252999999986,-1.4644435599999988,-1.7127993399999983,-1.5663456400000002,-1.8836941200000006,-1.6593860800000004,-1.60797044,-1.6539823399999982,-1.53789602,-1.641290160000001,-1.6747832999999988,1.0239282386825312,-0.6508550613174694,-2.6987115386825344,50500
-2.0051375199999986,-1.500524319999999,-1.6376820599999982,-1.57708862,-1.8853408400000007,-1.6565792600000007,-1.6218949,-1.6396046199999983,-1.4611285799999998,-1.6169587600000008,-1.6601939479999988,1.0226412342697966,-0.637552713730204,-2.6828351822697996,50600
-2.044539759999999,-1.573769979999999,-1.6153809399999983,-1.57199592,-1.9170149800000007,-1.6571130600000006,-1.6162878799999998,-1.6316748599999986,-1.48999508,-1.6313409200000009,-1.674911337999999,1.037672684006318,-0.6372386539936827,-2.712584022006321,50700
-2.022854659999999,-1.6350377999999992,-1.5772316399999982,-1.59079092,-1.9366647200000005,-1.6336909800000006,-1.63326384,-1.6192853799999987,-1.50412548,-1.625013720000001,-1.677795913999999,1.0387034483822517,-0.6390924656177488,-2.7164993623822546,50800
-1.9702827999999988,-1.573742919999999,-1.5471080199999983,-1.57861932,-1.9897680000000006,-1.5788909400000006,-1.60380166,-1.5780856999999986,-1.5330804399999998,-1.6048500800000012,-1.655822987999999,1.0485976765133111,-0.6072253114866893,-2.7044206645133135,50900
-1.965570359999999,-1.5898704199999991,-1.5347657399999983,-1.6120327,-1.8604108200000007,-1.6083547200000006,-1.61244334,-1.5953990999999987,-1.53609468,-1.616934020000001,-1.6531875899999988,1.027236743717584,-0.6259508462824166,-2.6804243337175864,51000
-1.9354372399999988,-1.5973052999999993,-1.5665115199999982,-1.6117550600000001,-1.9069415800000007,-1.685634920000001,-1.5987372800000004,-1.6691355599999986,-1.5420985600000001,-1.578001120000001,-1.669155813999999,1.03763327590229,-0.6315225380977106,-2.706789089902293,51100
-1.938445339999999,-1.591013479999999,-1.602375019999998,-1.59924584,-1.9229563600000006,-1.6670887600000008,-1.5860741200000004,-1.6657161399999985,-1.5779477800000001,-1.5493025400000011,-1.6700165379999987,1.0322412434438866,-0.6377752945561139,-2.70225778144389,51200
-1.9453534199999991,-1.6236272799999991,-1.5906609599999981,-1.6287421200000003,-1.9134382800000005,-1.678438440000001,-1.5119589400000004,-1.6818281599999987,-1.5298387400000002,-1.5062413800000014,-1.6610127719999985,1.0244363087661492,-0.6365764632338512,-2.685449080766152,51300
-1.9375448799999992,-1.6119155799999993,-1.5882436399999984,-1.6504039600000002,-1.8818957400000007,-1.671276960000001,-1.5311029400000005,-1.6562706999999985,-1.5885611800000001,-1.5323846400000014,-1.6649600219999985,1.0264069413052246,-0.6385530806947757,-2.6913669633052275,51400
-1.9533685999999992,-1.6544419399999992,-1.6017878999999982,-1.65516174,-1.890871320000001,-1.700840300000001,-1.5369478600000002,-1.6556605599999985,-1.58577626,-1.5197991600000011,-1.6754655639999987,1.0351604290949077,-0.6403051349050927,-2.7106259930949106,51500
-1.910460779999999,-1.6275773599999994,-1.6339262399999983,-1.61432052,-1.8712518400000007,-1.691253880000001,-1.52376832,-1.6820134399999986,-1.59622974,-1.501585200000001,-1.6652387319999986,1.0275132901806434,-0.6377254418193571,-2.6927520221806462,51600
-1.9206456399999992,-1.6051358999999994,-1.6312158799999983,-1.6392374199999997,-1.857010980000001,-1.579245140000001,-1.58917792,-1.6776384799999988,-1.56337012,-1.508150800000001,-1.6570828279999987,1.0110855308244187,-0.6459972971755819,-2.6681683588244214,51700
-1.876022759999999,-1.6324553399999997,-1.7091391199999983,-1.6730961799999997,-1.898776660000001,-1.560659780000001,-1.5791814,-1.6991426399999987,-1.5810697400000004,-1.559458880000001,-1.6769002499999988,1.0273417089520516,-0.6495585410479489,-2.7042419589520548,51800
-1.842370719999999,-1.6482269799999998,-1.6815515799999985,-1.6375906199999997,-1.8893055200000008,-1.551902020000001,-1.59221758,-1.6510157799999985,-1.5452029400000002,-1.5552407600000009,-1.6594624499999988,1.022810589299005,-0.6366518607009957,-2.6822730392990075,51900
-1.896208939999999,-1.6257479599999995,-1.7144360999999986,-1.6374019999999998,-1.9190645400000008,-1.5659269200000012,-1.6357745600000002,-1.6943188999999987,-1.5948454800000005,-1.529444540000001,-1.6813169939999988,1.030236078264221,-0.6510809157357795,-2.711553072264224,52000
-1.875895439999999,-1.5475825999999995,-1.7649102999999988,-1.62171176,-1.9518170400000008,-1.5706551400000013,-1.6130754800000002,-1.6821766399999987,-1.5388882400000004,-1.5249359400000009,-1.669164857999999,1.0264474363942464,-0.642717421605754,-2.695612294394249,52100
-1.8714502399999993,-1.5334660999999994,-1.7943788199999986,-1.5511073,-1.993292700000001,-1.5667213600000014,-1.6294913000000002,-1.636071319999999,-1.5426569600000004,-1.5521267200000008,-1.6670762819999991,1.0214890482408574,-0.645587233759143,-2.68856533024086,52200
-1.8167967199999993,-1.5323832199999996,-1.7742893399999986,-1.5620935199999997,-1.965522640000001,-1.5722767400000013,-1.6982478400000003,-1.6629021999999989,-1.5505743000000007,-1.5691121400000008,-1.6704198659999991,1.0317499585414098,-0.6386699074585905,-2.7021698245414125,52300
-1.8747696999999994,-1.5677653999999996,-1.7783017199999986,-1.5576502799999998,-1.9286686200000007,-1.5695945200000012,-1.7164244200000005,-1.6599525199999987,-1.5468080000000006,-1.562177980000001,-1.6762113159999992,1.0405057917312623,-0.6357055242687382,-2.716717107731265,52400
-1.8691145599999992,-1.5290371399999996,-1.8274414799999987,-1.5364637199999995,-1.8700189200000006,-1.576165780000001,-1.7295647600000004,-1.7165541999999987,-1.5025983400000007,-1.648520400000001,-1.6805479299999992,1.0426064035248244,-0.6379415264751762,-2.7231543335248274,52500
-1.9034357599999994,-1.5162149199999997,-1.7880282199999988,-1.5305146799999998,-1.8556108000000007,-1.5241652800000012,-1.7731948000000006,-1.7340116599999988,-1.5042326800000005,-1.630781640000001,-1.6760190439999993,1.043359880221298,-0.6326591637787026,-2.7193789242213007,52600
-1.8782910999999993,-1.5637959599999993,-1.8330948199999988,-1.5801498799999996,-1.8701290200000005,-1.561479280000001,-1.7414203400000006,-1.7111413799999988,-1.4978990000000008,-1.6582748200000013,-1.6895675599999993,1.0387323639917267,-0.6508351960082739,-2.728299923991729,52700
-1.8922342199999995,-1.5953802199999993,-1.871911979999999,-1.5515862599999997,-1.8657484800000004,-1.577810080000001,-1.7647013800000009,-1.6850513799999987,-1.540521720000001,-1.6470963800000014,-1.699204209999999,1.04073490525633,-0.6584693047436706,-2.739939115256332,52800
-1.8979258199999993,-1.5960263399999994,-1.777496779999999,-1.5534403799999996,-1.8649132000000004,-1.601517080000001,-1.7805612800000008,-1.6794464999999987,-1.5189435200000008,-1.6596463400000012,-1.6929917239999992,1.0270442534789093,-0.6659474705210913,-2.7200359774789113,52900
-1.8970998199999993,-1.5826039599999995,-1.740227899999999,-1.5622629999999995,-1.9117962400000004,-1.637310120000001,-1.7605811800000009,-1.6810121399999989,-1.498896280000001,-1.6523669800000014,-1.692415761999999,1.034996841930352,-0.6574189200696486,-2.7274126039303535,53000
-1.9219285399999992,-1.5875598999999996,-1.7476849599999988,-1.5756052399999996,-1.9727281200000004,-1.6053212200000013,-1.7770454600000007,-1.7273880799999985,-1.4743637200000008,-1.6666982800000014,-1.7056323519999992,1.0472499778356064,-0.6583823741643939,-2.752882329835608,53100
-1.9090950999999992,-1.5886777799999996,-1.728202659999999,-1.6019655799999994,-2.014017880000001,-1.5893610800000013,-1.7585569200000006,-1.6785018399999987,-1.461952020000001,-1.6755849800000013,-1.7005915839999994,1.0466745964314956,-0.6539169875685049,-2.7472661804314975,53200
-1.9316597999999994,-1.5930575199999994,-1.7496376199999988,-1.6017132599999997,-2.0251174800000005,-1.5918427600000016,-1.7575921600000006,-1.7188789799999986,-1.4694954400000009,-1.6906151800000015,-1.7129610199999996,1.04476297520585,-0.6681980447941502,-2.7577239952058523,53300
-1.9037322799999996,-1.6099749999999997,-1.751419659999999,-1.6257012799999995,-1.9696762600000006,-1.5725518800000016,-1.7458614600000006,-1.7096696999999985,-1.4376641400000008,-1.6509696000000016,-1.6977221259999995,1.0402072585951947,-0.6575148674048056,-2.7379293845951964,53400
-1.8968061799999996,-1.6369939999999996,-1.812978959999999,-1.6047675799999996,-1.9829477600000005,-1.6164859800000013,-1.7286204400000005,-1.6941128799999987,-1.4395057200000008,-1.6515694400000018,-1.7064788939999997,1.0501792315335843,-0.656299662466416,-2.756658125533586,53500
-1.8531321599999995,-1.6403757999999997,-1.8216835199999988,-1.6557927599999998,-1.9663902800000006,-1.5807536400000013,-1.7272288600000005,-1.7043584199999986,-1.4437995600000009,-1.693510340000002,-1.7087025339999997,1.048426113640788,-0.6602764203592126,-2.7571286476407897,53600
-1.8885135399999995,-1.6657809599999995,-1.830188639999999,-1.5979905799999998,-1.9847348000000005,-1.5757668200000012,-1.7452242000000004,-1.6903937199999985,-1.4962583200000008,-1.7032711800000022,-1.7178122759999996,1.0521383857591424,-0.665673890240858,-2.769950661759144,53700
-1.8910284399999997,-1.6899057599999998,-1.824924639999999,-1.5985065999999997,-2.0165994200000004,-1.5801479400000014,-1.7329302000000004,-1.7244209599999984,-1.5179077800000007,-1.6909857400000021,-1.7267357479999996,1.05230702438653,-0.6744287236134704,-2.779042772386532,53800
-1.905015,-1.6745470599999996,-1.8033355199999987,-1.5576679599999996,-1.9805642200000007,-1.5553586400000015,-1.6906339200000002,-1.7174943599999983,-1.5369631800000008,-1.707380740000002,-1.7128960599999996,1.0407495252949777,-0.6721465347050228,-2.7536455852949797,53900
-1.8543171199999997,-1.6386438799999996,-1.8457594999999989,-1.6410287799999999,-1.9701201600000005,-1.6107896200000016,-1.6911779200000001,-1.6715456399999982,-1.554865020000001,-1.6876449400000018,-1.7165892579999997,1.0468297341327684,-0.6697595238672324,-2.7634189921327703,54000
-1.8964943599999997,-1.6554718799999995,-1.849744619999999,-1.6604690399999995,-1.9337013200000004,-1.6043695200000017,-1.6405860400000003,-1.6345717399999982,-1.573296660000001,-1.641287140000002,-1.7089992319999996,1.0463753434736196,-0.6626238885263811,-2.755374575473622,54100
-1.9132094399999997,-1.6866545199999996,-1.8494987399999991,-1.6666889799999995,-1.9470191200000004,-1.6105544800000016,-1.6558882600000004,-1.6326746199999982,-1.577645980000001,-1.6362465800000021,-1.7176080719999995,1.0484469517842039,-0.6691611202157968,-2.7660550237842063,54200
-1.9159474999999997,-1.6863268199999997,-1.828986199999999,-1.6458148199999996,-1.9886977400000003,-1.6045085000000014,-1.7303608600000004,-1.624445079999998,-1.5896254600000008,-1.6297162400000018,-1.7244429219999997,1.0608028411255574,-0.6636400808744432,-2.7852457631255603,54300
-1.8643651599999997,-1.7040243599999996,-1.804774579999999,-1.6368595599999995,-1.9789148600000002,-1.6323796400000015,-1.7190659800000003,-1.620512879999998,-1.595428020000001,-1.667657680000002,-1.7223982719999997,1.0543925515898165,-0.668005720410184,-2.776790823589819,54400
-1.8503513999999999,-1.6869882999999997,-1.796120639999999,-1.6295269599999995,-1.9730276200000003,-1.6198799600000016,-1.7954506600000002,-1.628908039999998,-1.6109704600000012,-1.666205420000002,-1.7257429459999998,1.0604243281028023,-0.6653186178971983,-2.7861672741028047,54500
-1.8613877399999998,-1.7054974599999995,-1.819485319999999,-1.6426440199999994,-1.9908332600000003,-1.6058541000000013,-1.8201870400000004,-1.6394804199999982,-1.632154340000001,-1.671636600000002,-1.7389160299999995,1.0664729911073831,-0.6724430388926175,-2.8053890211073855,54600
-1.8017238,-1.7015457599999992,-1.837423199999999,-1.6461285799999994,-1.9371900400000004,-1.6246996600000014,-1.8025559400000004,-1.6283284399999982,-1.688087320000001,-1.6952040400000021,-1.7362886779999998,1.0605213183798272,-0.6757673596201734,-2.7968099963798294,54700
-1.7753805399999998,-1.7142422599999991,-1.817064939999999,-1.6466520999999994,-1.9269527200000005,-1.6144570200000015,-1.8244335800000002,-1.622605799999998,-1.675829760000001,-1.722661720000002,-1.7340280439999995,1.0587419066600918,-0.6752861373399086,-2.792769950660094,54800
-1.7500335399999998,-1.7195814199999992,-1.8113867199999993,-1.6386569599999994,-1.9403288400000003,-1.6815085400000016,-1.84017732,-1.669745159999998,-1.6478406600000008,-1.7744848400000022,-1.7473743999999993,1.0568003645297905,-0.69057403547021,-2.804174764529793,54900
-1.7443271799999998,-1.7435359599999993,-1.7892035199999992,-1.6639835599999993,-1.9438740400000003,-1.7227291400000013,-1.8090141,-1.6352012799999978,-1.6689566400000009,-1.6909732800000021,-1.7411798699999994,1.048114945947581,-0.6930649240524197,-2.789294815947583,55000
-1.7556976799999995,-1.7869250199999993,-1.8000739599999995,-1.6460749999999993,-1.9380253800000002,-1.752637660000001,-1.8451099399999997,-1.6355684599999978,-1.708622580000001,-1.686365060000002,-1.7555100739999994,1.060051806023155,-0.6954582679768454,-2.8155618800231577,55100
-1.7616238199999998,-1.8360180799999992,-1.7605239799999992,-1.6635751599999995,-1.9333183000000003,-1.8296860400000012,-1.86164348,-1.5969794199999976,-1.675760760000001,-1.6725787400000018,-1.7591707779999997,1.0588203294733516,-0.700350448526649,-2.8179911074733544,55200
-1.69296552,-1.843417459999999,-1.7938347599999995,-1.6269470999999995,-1.8939940600000003,-1.837556740000001,-1.8863925799999999,-1.6069508799999974,-1.665941860000001,-1.6657322600000017,-1.7513733219999998,1.0445599857911432,-0.7068133362088572,-2.7959333077911457,55300
-1.6918430599999998,-1.885969379999999,-1.7705330199999993,-1.6384211599999994,-1.8904999200000001,-1.8306980400000012,-1.9535258199999999,-1.6109854999999973,-1.7033578600000012,-1.6922316600000016,-1.7668065419999996,1.049435409692315,-0.7173711323076852,-2.8162419516923176,55400
-1.6577662999999998,-1.8912122999999992,-1.8177452999999995,-1.6487053199999995,-1.9079192600000001,-1.8649582000000011,-1.9477534,-1.5999845999999973,-1.7582888000000014,-1.7210433600000017,-1.781537684,1.0575024729905074,-0.7240352110094931,-2.83904015699051,55500
-1.66983636,-1.856424059999999,-1.8486900399999997,-1.6311031199999995,-1.9000313800000004,-1.869326060000001,-1.93460376,-1.6089341199999974,-1.8379338800000016,-1.7225889000000014,-1.787947168,1.0561321327001167,-0.7318150352998836,-2.8440793007001197,55600
-1.6596660199999997,-1.8042102799999988,-1.8775289399999997,-1.6415255199999992,-1.8870682600000004,-1.909508280000001,-1.94559586,-1.6153979999999972,-1.8418973400000016,-1.7218353600000014,-1.7904233859999998,1.0395774852098798,-0.7508459007901206,-2.8300008712098825,55700
-1.6724787399999996,-1.7750360799999987,-1.8538803399999995,-1.6477373199999992,-1.8927464200000006,-1.957232840000001,-1.94753608,-1.6228136599999974,-1.7980162600000016,-1.7280089800000014,-1.789548672,1.041105211542446,-0.7484434604575544,-2.830653883542449,55800
-1.6666556399999997,-1.811044179999999,-1.8776993199999992,-1.675650719999999,-1.8108566200000007,-1.9605424400000009,-1.95600238,-1.6489101399999972,-1.787298640000002,-1.711286820000001,-1.7905946899999998,1.0235158960611006,-0.7670787939388998,-2.8141105860611035,55900
-1.6652816399999995,-1.865416239999999,-1.8609592199999991,-1.6485925999999989,-1.8268544000000007,-1.9564891000000009,-1.94172134,-1.6769244999999973,-1.7922589800000017,-1.7090990400000012,-1.7943597059999998,1.0278382130822328,-0.7665214929177675,-2.822197919082236,56000
-1.6643589799999996,-1.850306919999999,-1.8300542999999991,-1.7040352799999987,-1.8259983000000006,-1.8942523200000008,-1.95885052,-1.6378678999999974,-1.7904536200000019,-1.7260315800000012,-1.7882209719999997,1.0168607233537983,-0.7713602486462022,-2.8050816953538016,56100
-1.7075089599999995,-1.8721663999999993,-1.7949803999999991,-1.680830659999999,-1.8067102400000008,-1.8945892200000005,-2.00184818,-1.6355513799999974,-1.7615313400000017,-1.684605040000001,-1.784032182,1.0219601121165893,-0.7620720698834111,-2.8059922941165922,56200
-1.6674027799999993,-1.8441234199999992,-1.823338379999999,-1.7040372799999988,-1.8181821800000009,-1.8841743600000007,-2.02204416,-1.5914133999999973,-1.8273138600000016,-1.6979950200000007,-1.7880024840000002,1.0258050794084699,-0.7621974045915304,-2.8138075634084725,56300
-1.6642524999999992,-1.831794399999999,-1.827292599999999,-1.705933519999999,-1.8331348200000008,-1.9525954000000008,-2.0357230800000004,-1.5888549599999973,-1.7804801600000015,-1.6633974200000006,-1.788345886,1.032367248273075,-0.7559786377269252,-2.820713134273078,56400
-1.6616208999999993,-1.817616499999999,-1.846003859999999,-1.7277153599999988,-1.8163189000000006,-1.9413711800000006,-2.05345062,-1.5835458199999974,-1.7572198000000014,-1.7259302800000007,-1.793079322,1.0337080989108605,-0.7593712230891397,-2.8267874209108634,56500
-1.6833160399999991,-1.8309993799999993,-1.7944289599999987,-1.710359499999999,-1.7902310800000008,-1.949033580000001,-2.0228971600000003,-1.5807166399999975,-1.8282255800000016,-1.7472559800000007,-1.79374639,1.0430211791256738,-0.7507252108743263,-2.836767569125677,56600
-1.737447039999999,-1.8336666799999992,-1.830285999999999,-1.695940119999999,-1.7806820000000008,-1.939976440000001,-1.9624473800000004,-1.6079192599999974,-1.8293295000000014,-1.7378031400000007,-1.7955497559999998,1.0457409862816542,-0.7498087697183459,-2.8412907422816573,56700
-1.747453219999999,-1.861268879999999,-1.829549319999999,-1.7096465199999988,-1.757204240000001,-1.995100400000001,-1.9586870400000003,-1.5885888199999973,-1.8074364200000013,-1.6855468200000008,-1.7940481679999996,1.0450851610874636,-0.7489630069125365,-2.8391333290874665,56800
-1.7564431799999989,-1.866325399999999,-1.828966799999999,-1.729148079999999,-1.786331540000001,-2.037561160000001,-1.9601947600000005,-1.5939231199999975,-1.8276521400000012,-1.6728233400000008,-1.8059369519999995,1.0487553336599076,-0.7571816183400926,-2.854692285659911,56900
-1.7388066799999988,-1.859833919999999,-1.7836995399999989,-1.725471439999999,-1.7652563000000012,-2.073803880000001,-1.9221648200000003,-1.5967546399999974,-1.8266879400000011,-1.6946473200000007,-1.7987126479999995,1.050133828068374,-0.7485788199316261,-2.8488464760683776,57000
-1.7759968399999988,-1.847928939999999,-1.7018761199999988,-1.741948559999999,-1.7177758200000013,-2.063199820000001,-1.9570733800000002,-1.6297724399999975,-1.843792100000001,-1.7035211200000009,-1.7982885139999993,1.0432612154149008,-0.7550272985850992,-2.841549729414905,57100
-1.8094896799999987,-1.8474883199999992,-1.660612359999999,-1.731694899999999,-1.6802001000000013,-2.077483780000001,-1.9579482800000003,-1.6288949999999978,-1.845347020000001,-1.675564620000001,-1.7914724059999991,1.0363760406719489,-0.7550963653280511,-2.8278484466719527,57200
-1.8185241399999987,-1.8902026399999992,-1.655314359999999,-1.7553653799999993,-1.7084368000000012,-2.0699024400000012,-1.9013772200000003,-1.6051732199999977,-1.831150440000001,-1.672893040000001,-1.7908339679999992,1.0336981941728285,-0.7571357738271715,-2.824532162172832,57300
-1.7374067399999986,-1.9177369199999992,-1.676800319999999,-1.7595021599999994,-1.7159395200000014,-2.019410420000001,-1.9285536200000002,-1.6128828399999977,-1.838950440000001,-1.688879960000001,-1.789606293999999,1.0230659743189436,-0.7665403196810565,-2.8126722683189467,57400
-1.7454240999999988,-1.9326969599999995,-1.636187079999999,-1.7637364599999992,-1.6881007600000015,-2.042756120000001,-1.9758532800000004,-1.5679808399999977,-1.843866720000001,-1.6310938800000008,-1.7827696199999992,1.0088575918023042,-0.7739120281976959,-2.7916272118023073,57500
-1.8090977399999986,-1.9276605799999995,-1.6379464599999989,-1.8165441999999994,-1.7356715600000014,-2.030019820000001,-1.9573379200000005,-1.5990490399999977,-1.8027800200000008,-1.6581232000000008,-1.7974230539999991,1.022717444457615,-0.7747056095423851,-2.820140498457618,57600
-1.8005044599999989,-1.8922315599999997,-1.6067825999999987,-1.7936266199999995,-1.7189683000000016,-2.036811360000001,-1.9493261200000007,-1.6020259199999975,-1.7904130600000008,-1.6014326400000007,-1.779212263999999,1.0247267962363114,-0.7544854677636885,-2.803939060236315,57700
-1.803400819999999,-1.8947419399999998,-1.5999519799999988,-1.7866303799999994,-1.7138065600000019,-2.034950720000001,-1.9120256200000005,-1.6435164199999974,-1.7380527400000005,-1.6235671200000008,-1.7750644299999994,1.02461294159426,-0.75045148840574,-2.7996773715942633,57800
-1.8088627999999989,-1.9059154399999998,-1.6323690399999986,-1.7675676599999994,-1.725830900000002,-2.000408220000001,-1.8722580800000006,-1.6988059999999974,-1.8007139000000008,-1.6018685800000005,-1.7814600619999994,1.0327691355002968,-0.748690926499703,-2.8142291975003006,57900
-1.7927442399999987,-1.8906324799999996,-1.6344436799999988,-1.7769089799999995,-1.677910560000002,-1.972222000000001,-1.9114390200000004,-1.6717304799999975,-1.8183256000000005,-1.6123470000000006,-1.7758704039999995,1.0280200441068597,-0.7478503598931403,-2.8038904481068636,58000
-1.7944610799999987,-1.8635389399999998,-1.6656082799999987,-1.7622220599999994,-1.606473560000002,-1.971386980000001,-1.9235583600000006,-1.6380563999999975,-1.8518673200000006,-1.6105488800000005,-1.7687721859999994,1.0104775607938197,-0.7582946252061804,-2.7792497467938233,58100
-1.7897302399999986,-1.8856364999999997,-1.7078236599999987,-1.7420913799999993,-1.5568365400000022,-1.9857463600000012,-1.904934380000001,-1.6505715599999977,-1.8840788000000008,-1.6149122800000006,-1.7722361699999993,1.0152227397974212,-0.7570134302025788,-2.7874589097974245,58200
-1.7733549599999987,-1.9122398999999999,-1.647921099999999,-1.7253259199999993,-1.5437681400000023,-2.020292940000001,-1.908774540000001,-1.6197300399999977,-1.8864368800000009,-1.6193243400000006,-1.7657168759999993,1.0161796688536804,-0.7495372071463194,-2.781896544853684,58300
-1.7652552999999986,-1.8971085999999997,-1.654276859999999,-1.7285943799999997,-1.5535959000000021,-2.034347020000001,-1.950724380000001,-1.6219224199999978,-1.8630177200000009,-1.6286711400000005,-1.769751371999999,1.017644561655708,-0.752106810344292,-2.787395933655712,58400
-1.7465642999999986,-1.8788808799999999,-1.605952199999999,-1.7435102799999995,-1.5171439000000024,-2.0065445000000013,-1.9655293400000011,-1.6001450999999978,-1.8820577400000007,-1.6297661800000003,-1.757609441999999,1.007861837174807,-0.749747604825193,-2.7654712791748106,58500
-1.7272722399999987,-1.84570538,-1.6047885799999992,-1.7344160399999995,-1.5066831400000025,-2.039393340000001,-1.945690340000001,-1.5851778399999978,-1.889302220000001,-1.5860436800000002,-1.746447279999999,1.002169888523027,-0.7442773914769727,-2.7486171685230314,58600
-1.6730864799999987,-1.8825582600000001,-1.592719019999999,-1.7502765599999994,-1.5099900800000023,-2.055283500000001,-1.924246260000001,-1.621253859999998,-1.8455254000000008,-1.5805609800000002,-1.743550039999999,1.005666233662353,-0.7378838063376469,-2.7492162736623573,58700
-1.6539500599999986,-1.94177244,-1.578492159999999,-1.8323558399999995,-1.4985483400000021,-2.0361792600000013,-1.901336280000001,-1.599208759999998,-1.8670529200000008,-1.56166774,-1.7470563799999992,1.025208208840598,-0.7218481711594018,-2.772264588840602,58800
-1.6519296599999984,-1.94753626,-1.6531754399999992,-1.8324049999999996,-1.522858740000002,-2.052017280000001,-1.9782384400000013,-1.619077819999998,-1.8755139200000008,-1.53768292,-1.7670435479999993,1.0378595432866025,-0.7291840047133974,-2.804903091286606,58900
-1.6983827999999985,-1.9602607999999997,-1.6278785599999992,-1.8123958,-1.5361238600000022,-1.9899612200000012,-2.024369400000001,-1.6273173799999978,-1.8917486200000007,-1.5551707200000002,-1.7723609159999993,1.0267308680449725,-0.7456300479550272,-2.799091784044976,59000
-1.6551126199999988,-1.9238008799999997,-1.6597336799999993,-1.8155935399999998,-1.5774092000000022,-1.9665537600000014,-2.0484973000000015,-1.5923505799999977,-1.8490173600000006,-1.62291618,-1.7710985099999994,1.028741909958478,-0.7423566000415217,-2.7998404199584814,59100
-1.648202179999999,-1.9046554999999998,-1.7549940399999995,-1.8213770399999998,-1.556832340000002,-1.9638131200000015,-2.053280400000001,-1.5873252799999977,-1.8209808000000007,-1.6849786199999999,-1.7796439319999993,1.0413547371910346,-0.7382891948089652,-2.8209986691910376,59200
-1.661857959999999,-1.9479322199999998,-1.7694129199999995,-1.8231142799999998,-1.570998440000002,-1.9851824200000017,-1.985618940000001,-1.6035859599999978,-1.8082587400000005,-1.6644211000000002,-1.7820382979999994,1.033023679544582,-0.7490146184554177,-2.815061977544585,59300
-1.658303139999999,-1.9579167199999998,-1.7704903799999994,-1.7977373799999998,-1.5589817400000021,-1.9636791800000015,-2.0347239600000013,-1.6317160399999977,-1.8075415000000004,-1.64642854,-1.7827518579999995,1.032561268315202,-0.7501905896847978,-2.8153131263152047,59400
-1.654348499999999,-2.0030426799999996,-1.7782637199999993,-1.7627358199999998,-1.567112740000002,-2.0038643600000015,-1.9661002400000012,-1.6177991799999976,-1.8141813800000002,-1.64559814,-1.7813046759999995,1.034463861033004,-0.7468408149669956,-2.815768537033007,59500
-1.654944519999999,-2.05294842,-1.7543967599999994,-1.79410878,-1.563457640000002,-2.0135364600000014,-1.953014020000001,-1.6164784799999976,-1.8150464800000004,-1.6639826399999997,-1.7881914199999998,1.0361813801273934,-0.7520100398726062,-2.824372800127396,59600
-1.6566392599999988,-2.0274420799999997,-1.7779491599999993,-1.80059464,-1.570486420000002,-1.9990840200000013,-1.907391880000001,-1.6357630999999975,-1.7838728200000002,-1.6538115999999996,-1.7813034979999995,1.0328613726529594,-0.7484421253470401,-2.814164870652962,59700
-1.6757866799999988,-2.02059732,-1.807139239999999,-1.8239162999999998,-1.560108860000002,-2.041040780000001,-1.896234080000001,-1.6359829399999974,-1.7751103400000003,-1.6104472399999994,-1.7846363779999996,1.0348398605067834,-0.7497965174932162,-2.8194762385067866,59800
-1.6881473399999987,-2.00021972,-1.800669759999999,-1.8653806600000002,-1.5306625200000021,-1.9686507600000014,-1.8831327600000012,-1.6032619399999977,-1.7598470600000002,-1.5880735799999997,-1.7688046099999997,1.029401323212182,-0.7394032867878179,-2.798205933212185,59900
-1.6347818599999988,-2.0258937,-1.8227501599999991,-1.8595943200000002,-1.5215423400000023,-1.9115657000000013,-1.8912563600000012,-1.6914411599999977,-1.76944104,-1.5913807199999996,-1.7719647359999997,1.0395640421208376,-0.7324006938791622,-2.811528778120841,60000
-1.601553839999999,-1.97311352,-1.8406052199999992,-1.89025226,-1.5022746800000024,-1.8786874400000013,-1.8685568400000014,-1.710964919999998,-1.7469506799999999,-1.5843860399999996,-1.7597345439999998,1.0345250781762885,-0.7252094658237114,-2.794259622176292,60100
-1.5913743599999988,-1.93619212,-1.831528439999999,-1.86100432,-1.5278580600000025,-1.815248220000001,-1.8526597400000013,-1.660042319999998,-1.7743447399999999,-1.5900995799999997,-1.74403519,1.02243157342569,-0.7216036165743102,-2.766466763425693,60200
-1.5880541199999987,-1.96918426,-1.869810859999999,-1.8673448,-1.5749719800000022,-1.819391220000001,-1.8355988800000014,-1.6693604399999982,-1.7714556,-1.6090310799999998,-1.7574203239999997,1.0350049577146452,-0.7224153662853549,-2.792425281714648,60300
-1.6573409999999986,-1.9351676599999998,-1.8961381999999989,-1.9108277,-1.5810222400000022,-1.8502181200000012,-1.7829197800000014,-1.6448562799999982,-1.7812746399999997,-1.6311365399999997,-1.7670902159999997,1.04382615074505,-0.7232640652549505,-2.8109163667450527,60400
-1.6586217999999988,-1.95617828,-1.873492479999999,-1.8743642600000001,-1.6303767400000024,-1.8337464200000013,-1.7903038200000014,-1.673342699999998,-1.7494298799999997,-1.6366159399999995,-1.7676472319999996,1.041853739516168,-0.725793492483832,-2.809500971516171,60500
-1.6682690999999985,-1.97449156,-1.8626349999999992,-1.8784543400000002,-1.6077746800000023,-1.8696222200000014,-1.8143946200000014,-1.6871418199999981,-1.6939803399999993,-1.6906779199999997,-1.7747441599999996,1.0458559684940132,-0.728888191505987,-2.820600128494016,60600
-1.7208414999999988,-1.97242788,-1.903019839999999,-1.9039184400000002,-1.628798940000002,-1.8332550600000017,-1.8195007000000016,-1.686041259999998,-1.6693899999999993,-1.7122509799999996,-1.7849444599999995,1.0629942928507699,-0.7219501671492303,-2.8479387528507725,60700
-1.6955681599999988,-1.9550932,-1.9547282399999988,-1.8667405600000004,-1.6159619800000018,-1.7791134600000016,-1.8424838200000015,-1.655754419999998,-1.6899283199999993,-1.73044888,-1.7785821039999996,1.0617184521299001,-0.7168636518701001,-2.8403005561299026,60800
-1.7273360799999988,-1.9763149999999998,-1.930403059999999,-1.8495300200000004,-1.6180751200000016,-1.7848243600000016,-1.8599567000000017,-1.614628939999998,-1.6562441399999992,-1.72290204,-1.7740215459999995,1.067666839687259,-0.706354706312741,-2.8416883856872617,60900
-1.738659979999999,-1.9098021999999997,-1.9813482399999989,-1.8836234000000005,-1.5999699600000017,-1.7358062600000013,-1.8503985000000014,-1.585514659999998,-1.6195702999999992,-1.7494135599999998,-1.7654107059999995,1.0698602221040763,-0.6955504838959239,-2.835270928104079,61000
-1.730502379999999,-1.8981041599999997,-1.998858299999999,-1.8416638200000006,-1.5832268600000015,-1.7860831800000014,-1.8194894200000014,-1.5808610199999982,-1.597602479999999,-1.73263136,-1.7569022979999998,1.0749390193678807,-0.6819632786321193,-2.8318413173678834,61100
-1.665581199999999,-1.9340431199999997,-1.991783619999999,-1.8284532400000006,-1.6157686600000014,-1.7771870800000016,-1.799541600000001,-1.617973079999998,-1.6875484799999994,-1.7809143200000002,-1.7698794399999995,1.0841571573293542,-0.6857222826706457,-2.854036597329357,61200
-1.6571922199999989,-1.9582416999999999,-1.9476721999999993,-1.8182795200000006,-1.5890494200000014,-1.8008915400000014,-1.8047483800000013,-1.611429079999998,-1.6711897599999994,-1.7885494400000004,-1.7647243259999994,1.077466139229039,-0.687258186770961,-2.842190465229042,61300
-1.678440479999999,-1.9391752199999996,-1.9785244799999993,-1.7931092400000006,-1.5957812200000014,-1.7330524400000014,-1.781028780000001,-1.611914279999998,-1.6881948799999995,-1.8072345000000005,-1.760645551999999,1.0655507108777431,-0.6950948411222571,-2.8261962628777457,61400
-1.739349119999999,-1.8891340399999996,-1.9428224999999992,-1.7732798000000005,-1.6389223800000017,-1.7124228200000013,-1.7897984200000012,-1.6197224799999979,-1.6887030599999997,-1.7642364600000005,-1.755839107999999,1.066962875771875,-0.6888762322281252,-2.8228019837718774,61500
-1.7137776199999992,-1.8856566799999996,-1.9482322799999994,-1.8077906800000005,-1.6883632600000016,-1.7500326200000011,-1.7906723200000014,-1.5972442399999978,-1.6829443799999995,-1.7279781000000003,-1.759269217999999,1.067525664557324,-0.6917435534426762,-2.8267948825573264,61600
-1.6511373199999992,-1.9259300999999995,-1.9153608999999994,-1.8230527400000005,-1.7076794400000015,-1.7739363200000011,-1.8154545200000012,-1.6079909999999977,-1.6754914799999998,-1.7561258000000004,-1.765215961999999,1.0575773842620395,-0.7076385777379606,-2.8227933462620416,61700
-1.702308979999999,-1.9456373599999999,-1.8692451199999993,-1.7446017800000007,-1.6708047800000014,-1.768155560000001,-1.8254894400000012,-1.579144359999998,-1.6663963399999997,-1.7725984600000004,-1.7544382179999989,1.055566957491257,-0.698871260508743,-2.810005175491259,61800
-1.6980159599999993,-1.9394791199999997,-1.8780488999999994,-1.7807401800000004,-1.6243667400000013,-1.8102933600000009,-1.8189061200000012,-1.6092523399999978,-1.6883825599999998,-1.8062866000000006,-1.7653771879999989,1.0646926114044901,-0.7006845765955099,-2.830069799404492,61900
-1.7555215199999994,-1.96617752,-1.8900974199999994,-1.7768278600000005,-1.6498899800000013,-1.774646440000001,-1.812312700000001,-1.5717429399999978,-1.6607589599999997,-1.7934880000000006,-1.7651463339999989,1.0666206935708822,-0.6985256404291178,-2.831767027570884,62000
-1.7448831199999992,-1.96569282,-1.9241715599999991,-1.7846307800000005,-1.6981200800000011,-1.782252140000001,-1.7643224200000012,-1.5557624999999975,-1.6480237799999997,-1.8019737400000004,-1.766983293999999,1.0638749069402658,-0.7031083870597341,-2.830858200940267,62100
-1.7139477399999992,-1.9857228599999999,-1.9577616799999993,-1.7934059600000005,-1.7149503600000011,-1.778993980000001,-1.7534798600000014,-1.5735033799999976,-1.6284573799999997,-1.7764173400000005,-1.7676640539999988,1.0667780237881985,-0.7008860302118015,-2.8344420777882,62200
-1.7057404999999994,-1.9790601199999998,-1.9772733999999992,-1.7469911600000005,-1.6782300400000012,-1.7751854200000008,-1.7741646000000015,-1.5608255599999978,-1.6162463199999997,-1.7649786800000005,-1.7578695799999986,1.0647744928721827,-0.6930950871278173,-2.8226440728721838,62300
-1.6980814599999994,-1.9347604999999999,-1.966735819999999,-1.7134855400000006,-1.667413060000001,-1.775350320000001,-1.7378312600000014,-1.5707873999999977,-1.61619378,-1.7327361200000004,-1.7413375259999986,1.0550744974581168,-0.6862630285418833,-2.796412023458118,62400
-1.7110501599999994,-1.9506476599999996,-1.9898613399999991,-1.7106286400000008,-1.6994605600000012,-1.7391799000000008,-1.7037665600000014,-1.548882579999998,-1.60302854,-1.7201138000000007,-1.7376619739999983,1.0555541251858214,-0.6821078488141785,-2.7932160991858224,62500
-1.6237789599999997,-1.9748727199999996,-2.006302279999999,-1.6409614200000007,-1.634085040000001,-1.7934275800000008,-1.6863634400000012,-1.4900887799999978,-1.60800866,-1.6736550800000005,-1.7131543959999982,1.0389721284100562,-0.6741822675899435,-2.7521265244100572,62600
-1.6437860999999996,-2.0197277999999996,-1.9943836599999991,-1.6470065800000007,-1.6820226000000011,-1.7530530000000006,-1.6881936400000013,-1.4766059399999978,-1.60216956,-1.6730503400000005,-1.7179999219999982,1.0428010022060712,-0.6751989197939287,-2.7608009242060723,62700
-1.6024735199999995,-2.0048179999999998,-2.005571259999999,-1.6494154600000004,-1.703887420000001,-1.7263565600000006,-1.6880152400000012,-1.507441599999998,-1.63414316,-1.6786500600000005,-1.7200772279999983,1.042978709471403,-0.6770985185285968,-2.763055937471404,62800
-1.5943555399999996,-1.9818091799999997,-2.040172899999999,-1.7210199000000006,-1.706086640000001,-1.7418443600000006,-1.716439380000001,-1.4496025399999979,-1.61285692,-1.6893733000000006,-1.7253560659999985,1.0475690120902181,-0.6777870539097816,-2.772925078090219,62900
-1.6054801399999996,-1.9942580199999997,-2.053692779999999,-1.7203363600000006,-1.7126337600000008,-1.7413990200000007,-1.705683780000001,-1.441848819999998,-1.6155722,-1.6349930600000004,-1.7225897939999983,1.0404224609224066,-0.682167333077593,-2.763012254922408,63000
-1.5798905999999997,-2.05827312,-2.0437797399999993,-1.7782579800000007,-1.7269811600000005,-1.7363766600000006,-1.7100029400000012,-1.4373650399999978,-1.59152348,-1.6517185800000005,-1.7314169299999986,1.0546623083030022,-0.6767546216969974,-2.7860792383030035,63100
-1.5712983799999996,-2.0257392199999997,-2.0563578599999994,-1.787557940000001,-1.7530697000000006,-1.7194845400000005,-1.7576877400000008,-1.4327054999999975,-1.5765297999999999,-1.6087711000000005,-1.7289201779999985,1.0509965857546806,-0.6779235922453191,-2.779916763754682,63200
-1.5663381999999997,-2.0049893799999996,-2.058058279999999,-1.8436147200000008,-1.7865446400000005,-1.6974282800000007,-1.710243900000001,-1.4387135999999976,-1.5783930999999998,-1.6029330800000006,-1.7287257179999984,1.040265653924373,-0.6884600640756267,-2.7689913719243746,63300
-1.5752406799999994,-1.9923908599999998,-2.0742881399999993,-1.8360956000000008,-1.7911336000000007,-1.7060814600000007,-1.6506386000000008,-1.4309495199999978,-1.58530654,-1.5870655200000008,-1.7229190519999986,1.034074464998551,-0.6888445870014489,-2.7569935169985524,63400
-1.5992314399999996,-2.01163102,-2.0825108399999994,-1.8140926600000007,-1.8168969800000005,-1.6815125600000005,-1.662200880000001,-1.4669108199999976,-1.58480422,-1.604010720000001,-1.7323802139999986,1.0309330800823384,-0.7014471339176612,-2.76331329408234,63500
-1.5868006599999995,-2.0680572799999997,-2.149620079999999,-1.7934030400000005,-1.8505934600000007,-1.6763306400000004,-1.688965000000001,-1.4721162799999976,-1.5683293400000002,-1.6050523800000007,-1.7459268159999985,1.0349579880693842,-0.7109688279306154,-2.7808848040693857,63600
-1.6054573399999996,-2.00873278,-2.1847905399999994,-1.8360311400000007,-1.8261303000000007,-1.6919015400000004,-1.680223760000001,-1.4247183799999976,-1.6175061200000005,-1.6104117600000007,-1.7485903659999986,1.032173819055453,-0.7164165469445467,-2.780764185055454,63700
-1.6036922199999994,-1.9354249199999998,-2.1871265599999994,-1.7711726400000005,-1.8350538400000007,-1.6989682800000003,-1.7047062800000008,-1.4470105999999976,-1.5743314400000006,-1.6360140000000007,-1.7393500779999984,1.016446008250717,-0.7229040697492828,-2.7557960862507183,63800
-1.6174561599999995,-1.92585608,-2.113426079999999,-1.7855778400000006,-1.798732260000001,-1.6654185600000002,-1.6562835000000007,-1.4841246999999975,-1.5861812600000005,-1.6571915200000007,-1.7290247959999985,1.0055085053421056,-0.7235162906578942,-2.734533301342107,63900
-1.5734682199999994,-1.9390793800000004,-2.1052020799999993,-1.7542775000000004,-1.756364100000001,-1.6924821600000002,-1.6221228800000005,-1.4709029399999975,-1.5835441600000004,-1.6488487200000006,-1.7146292139999986,0.9983224113147425,-0.7163068026852574,-2.7129516253147443,64000
-1.6374866399999994,-1.9335981400000006,-2.095404199999999,-1.7647438400000004,-1.720645080000001,-1.73083224,-1.6197369200000005,-1.4950283399999975,-1.6053165600000006,-1.5834623000000005,-1.7186254259999987,0.9995004862057848,-0.719124939794215,-2.7181259122057866,64100
-1.6488220799999993,-1.9475997600000006,-2.048385079999999,-1.7246511400000006,-1.769782300000001,-1.6943338999999997,-1.5917844600000006,-1.5098635399999976,-1.6786658400000005,-1.5330316400000004,-1.7146919739999986,0.9983095126228485,-0.7163824613771513,-2.713001486622851,64200
-1.682434039999999,-1.9019514400000006,-2.028881359999999,-1.7274084600000006,-1.744460020000001,-1.6867924199999995,-1.5917358800000008,-1.5283202199999975,-1.6750575200000006,-1.5518513800000002,-1.7118892739999987,1.0000115739006836,-0.7118777000993162,-2.711900847900686,64300
-1.694103839999999,-1.8634939600000007,-2.012931479999999,-1.7341132600000007,-1.7689708000000013,-1.7046576399999998,-1.5642622200000007,-1.5225047799999976,-1.6990912800000006,-1.5959535400000002,-1.7160082799999987,0.9984516082123618,-0.717556671787638,-2.7144598882123643,64400
-1.731553759999999,-1.8612425400000006,-1.974199799999999,-1.7558520800000006,-1.8033124600000014,-1.6999914999999999,-1.6142400600000009,-1.5597160799999978,-1.7355139600000007,-1.5856885600000001,-1.7321310799999987,0.9985194109157607,-0.7336116690842391,-2.7306504909157634,64500
-1.776455059999999,-1.7839729200000005,-1.956497819999999,-1.7170901800000005,-1.8225361200000014,-1.7151404399999999,-1.602725720000001,-1.551594439999998,-1.7367420400000007,-1.5932176600000003,-1.7255972399999984,0.9934112006889945,-0.7321860393110055,-2.719008440688997,64600
-1.820839959999999,-1.7932313600000007,-1.915537199999999,-1.7273382400000006,-1.8279401800000015,-1.7208437399999996,-1.627192200000001,-1.5779812399999977,-1.7734009600000007,-1.6059674000000004,-1.7390272479999984,0.9975596556370925,-0.7414675923629074,-2.7365869036370953,64700
-1.842914219999999,-1.8043962400000007,-1.888075579999999,-1.7219280400000005,-1.8377497000000014,-1.7050389799999996,-1.685285360000001,-1.584724779999998,-1.7786102000000008,-1.6229300400000006,-1.7471653139999983,0.9987970529546698,-0.74836826104533,-2.745962366954672,64800
-1.8406227199999992,-1.8511554800000005,-1.8626302199999991,-1.7406235400000003,-1.8761044800000013,-1.7151866399999995,-1.700711180000001,-1.614713519999998,-1.781255820000001,-1.6054637600000004,-1.7588467359999984,1.0031609309046143,-0.7556858050953856,-2.7620076669046165,64900
-1.8761602599999991,-1.8039617600000006,-1.847122979999999,-1.7289775000000003,-1.9141024600000012,-1.7205389999999994,-1.675587460000001,-1.5458586399999978,-1.814569120000001,-1.6147109000000004,-1.7541590079999987,0.9940559053534797,-0.7601031026465201,-2.7482149133534817,65000
-1.9094159399999993,-1.8270118600000003,-1.8346168799999993,-1.7336660000000004,-1.987704940000001,-1.7434546399999993,-1.6978410800000008,-1.5182298199999977,-1.877118640000001,-1.6106570400000004,-1.7739716839999986,1.0050783619667394,-0.7688933220332603,-2.7790500459667418,65100
-1.9128622199999992,-1.8441318000000004,-1.8570410599999994,-1.7753247000000005,-1.9490224400000011,-1.7313263999999995,-1.6946703200000008,-1.5208636199999974,-1.854411700000001,-1.6595241200000004,-1.7799178379999985,1.014382169664605,-0.7655356683353949,-2.794300007664607,65200
-1.9457739399999991,-1.8120789800000006,-1.7721015599999996,-1.7829020000000002,-1.936623400000001,-1.7254568199999998,-1.6920996000000008,-1.4933198599999975,-1.889138640000001,-1.6678844800000006,-1.7717379279999985,1.0098883363614906,-0.7618495916385092,-2.7816262643614933,65300
-1.8608699199999992,-1.8077618000000006,-1.8051838599999996,-1.7350569600000003,-1.9461053600000011,-1.6940925599999996,-1.6646800200000007,-1.5177737399999975,-1.869364420000001,-1.6469392400000007,-1.7547827879999987,0.9969187154229167,-0.7578640725770829,-2.7517015034229195,65400
-1.912773119999999,-1.9159528200000004,-1.7984597199999997,-1.7701742600000003,-1.9168119600000009,-1.8121155199999996,-1.6541877600000006,-1.5422574599999976,-1.8842438000000012,-1.6610453200000006,-1.7868021739999986,1.0205311139003077,-0.7662710600996919,-2.8073332879003106,65500
-1.9305847799999993,-1.9215703000000008,-1.8098451799999995,-1.7691931800000003,-1.9558427400000007,-1.7729707399999994,-1.6283785600000007,-1.5736227399999976,-1.8789518000000012,-1.6162702000000004,-1.7857230219999984,1.0128485192892303,-0.7728745027107693,-2.798571541289233,65600
-1.870104739999999,-1.9324857400000008,-1.7473835399999995,-1.7564804800000005,-1.953624900000001,-1.7750470399999996,-1.6174099000000006,-1.5598004199999977,-1.9171669800000015,-1.5884472600000004,-1.7717950999999985,1.0031901423140046,-0.7686049576859949,-2.774985242314008,65700
-1.878537419999999,-1.9625362400000008,-1.7188505399999996,-1.7475811600000006,-1.9132005400000012,-1.8224475199999994,-1.5860878000000005,-1.5651319599999978,-1.9460296400000017,-1.5399353200000006,-1.7680338139999983,1.0060546406015205,-0.7619791733984789,-2.774088454601524,65800
-1.8599228999999988,-1.937714280000001,-1.7097503399999996,-1.7633173000000004,-1.895325220000001,-1.8112402199999993,-1.5802452800000004,-1.5741012199999977,-1.9450721200000018,-1.5421998800000005,-1.7618888759999984,0.9989305863388068,-0.7629582896611926,-2.76081946233881,65900
-1.9272880999999986,-1.979928660000001,-1.70895012,-1.7461999400000006,-1.926583000000001,-1.8531752199999993,-1.6259876200000003,-1.6204487199999977,-2.0018506800000018,-1.5320561600000004,-1.7922468219999985,1.003727826821381,-0.7885189951786186,-2.795974648821384,66000
-1.9441854999999988,-1.9986665200000011,-1.7495178399999998,-1.7415177600000005,-1.8963666000000012,-1.8330000399999995,-1.6565006400000002,-1.6206989999999977,-2.031899660000002,-1.5791105800000003,-1.8051464139999984,0.9988806835212307,-0.8062657304787689,-2.8040270975212342,66100
-1.9562337399999987,-1.9446594000000008,-1.7312445399999998,-1.7320784800000004,-1.8707158800000014,-1.8654775799999994,-1.6122066400000004,-1.5962837999999977,-1.9335577000000015,-1.5564015,-1.7798859259999986,0.9796177773149304,-0.800268148685069,-2.7595037033149343,66200
-2.000698539999999,-1.9214203000000005,-1.7374044199999998,-1.7110294000000001,-1.8773621800000013,-1.8727407999999994,-1.5831526000000002,-1.6183166399999975,-1.9117442600000012,-1.55364294,-1.7787512079999985,0.9765922694590304,-0.8021589385409691,-2.7553434774590344,66300
-1.9616348399999988,-1.9418696600000007,-1.7497521399999996,-1.7203890000000002,-1.8901861600000012,-1.8551552599999996,-1.6110743200000002,-1.6208693799999978,-1.8807987400000012,-1.5780448200000001,-1.7809774319999985,0.9828007553958641,-0.7981766766041355,-2.763778187395868,66400
-1.8912562999999987,-1.9736225600000008,-1.7359455199999996,-1.7108312200000002,-1.8608050600000012,-1.9190149799999994,-1.5932782,-1.606750839999998,-1.9086796400000012,-1.60819198,-1.7808376299999986,0.9826833730683562,-0.7981542569316434,-2.76352100306836,66500
-1.9736478599999985,-1.9827390800000007,-1.7578678599999995,-1.6617277800000003,-1.8002073400000012,-1.8866499599999995,-1.6357698200000002,-1.6109229199999981,-1.8723209800000011,-1.61894384,-1.7800797439999985,0.9802215261164107,-0.799858217883589,-2.7603012701164147,66600
-1.9542856599999985,-1.9881734200000005,-1.7802728799999994,-1.6543560600000005,-1.7802341600000011,-1.8829970799999995,-1.6244016800000003,-1.5803827399999981,-1.9115051800000011,-1.5974123599999999,-1.7754021219999987,0.9812193946500833,-0.7941827273499165,-2.7566215166500876,66700
-1.8934608799999986,-1.9679914800000007,-1.7525618599999995,-1.7693819600000003,-1.782398380000001,-1.8598890599999995,-1.6415891400000004,-1.648434479999998,-1.9236441200000014,-1.6339490799999998,-1.7873300439999988,0.9884081264517468,-0.7989219175482531,-2.7757381704517514,66800
-1.8942916999999986,-1.985201180000001,-1.7604317399999994,-1.7649556400000004,-1.8128920400000013,-1.8214836399999996,-1.6561770600000003,-1.676197859999998,-1.9012806600000014,-1.6455703799999997,-1.791848189999999,0.98001464126136,-0.81183354873864,-2.7718628312613647,66900
-1.8403489199999985,-1.996444200000001,-1.7479268599999995,-1.7888716000000002,-1.816429240000001,-1.9223532199999993,-1.6952829200000001,-1.655245399999998,-1.8864024000000015,-1.6467967599999997,-1.7996101519999987,0.9908015411283018,-0.8088086108716985,-2.790411693128306,67000
-1.8224871999999985,-2.031521160000001,-1.7308639199999996,-1.8010159400000003,-1.7504129800000012,-1.9491510199999993,-1.7285814400000004,-1.634929359999998,-1.9016234800000016,-1.6607891799999999,-1.8011375679999988,0.9949969408622442,-0.8061406271377558,-2.7961345088622487,67100
-1.8402004599999986,-2.008785380000001,-1.7005228199999995,-1.7950724800000004,-1.739282000000001,-1.9525280799999993,-1.7576292600000003,-1.636995899999998,-1.9120699600000015,-1.66394116,-1.800702749999999,0.9958135717596229,-0.8048891782403771,-2.796516321759628,67200
-1.8988508399999986,-1.976929120000001,-1.6786873999999998,-1.7955907600000003,-1.7656329600000011,-1.9527334199999993,-1.72623656,-1.6351443799999978,-1.8946670000000014,-1.6766690199999998,-1.8001141459999992,0.9944052965389579,-0.8057088494610422,-2.7945194425389634,67300
-1.8863298199999985,-1.9620798400000006,-1.6774570999999998,-1.8063515600000002,-1.8089841800000013,-1.9710472999999993,-1.73250874,-1.6189075599999978,-1.8976988200000016,-1.70589182,-1.806725673999999,1.0019235696745874,-0.8048021043254129,-2.808649243674593,67400
-1.8714206799999986,-1.9843470000000007,-1.6668094799999997,-1.8077974400000003,-1.7697260200000011,-1.9743114999999996,-1.7247445200000002,-1.6652580999999977,-1.9174874400000015,-1.70861132,-1.8090513499999992,1.0054146862427258,-0.8036366637572746,-2.814466036242732,67500
-1.8652346999999982,-2.0288291800000007,-1.6360932599999998,-1.8045765400000002,-1.766469460000001,-1.9460590399999993,-1.6789202400000003,-1.6873000399999978,-1.9139166800000016,-1.7482562199999998,-1.8075655359999994,1.0117882100505202,-0.7957773259494801,-2.8193537460505262,67600
-1.8228935399999984,-1.9883341600000008,-1.6504998999999998,-1.7808752000000003,-1.7264925000000009,-1.9704282599999994,-1.6932821800000002,-1.724455839999998,-1.9600583200000017,-1.8413019599999998,-1.8158621859999995,1.0141623762025973,-0.8016998097974029,-2.8300245622026035,67700
-1.8299202399999985,-1.9858973600000007,-1.6123493199999996,-1.8057812800000006,-1.710595480000001,-2.0479674399999994,-1.7442792400000002,-1.6731681999999979,-1.9416618800000018,-1.8436555,-1.8195275939999993,1.0239338624687182,-0.7955937315312822,-2.843461456468724,67800
-1.8245326799999984,-2.036301340000001,-1.5882614999999995,-1.7466359400000004,-1.711008300000001,-2.0651677799999995,-1.7411694600000005,-1.716512179999998,-1.9180949800000016,-1.8792815399999998,-1.8226965699999993,1.0137461780324102,-0.8089503919675901,-2.8364427480324164,67900
-1.8403632799999985,-2.033544360000001,-1.6082651199999995,-1.7453897600000006,-1.711197080000001,-2.036268759999999,-1.7554079400000004,-1.7186220999999982,-1.9262550400000018,-1.9001310599999996,-1.8275444499999995,1.0165611562055765,-0.810983293794424,-2.844105606205582,68000
-1.9031797399999986,-1.9781396400000006,-1.6231795999999994,-1.6986012600000004,-1.705008520000001,-2.0332379199999995,-1.7443907200000004,-1.7344191599999983,-1.979218440000002,-1.8804948999999995,-1.8279869899999994,1.0117063867532763,-0.8162806032467241,-2.839693376753282,68100
-1.9170717999999984,-1.9591197800000006,-1.5900526599999996,-1.71013706,-1.765742060000001,-2.0385684999999993,-1.7269742000000006,-1.7295342399999982,-1.9927024600000018,-1.8821312999999995,-1.8312034059999993,1.0182254777645863,-0.8129779282354143,-2.849428883764592,68200
-1.9340766999999985,-1.9679286800000007,-1.6470982399999994,-1.64126908,-1.7463202600000012,-2.091145979999999,-1.6964773800000004,-1.7848027799999984,-1.979385040000002,-1.9088546799999995,-1.8397358819999994,1.026712234937014,-0.8130236470629865,-2.8664481169370197,68300
-1.9788913999999986,-1.9439740800000007,-1.6734276199999993,-1.6582067,-1.7559720200000009,-2.075205659999999,-1.7246673800000005,-1.7994675799999982,-2.0103482400000017,-1.8968628199999995,-1.8517023499999994,1.0368649533398662,-0.8148373966601341,-2.8885673033398724,68400
-1.9926984999999986,-1.9535566400000008,-1.6743323599999993,-1.68586754,-1.7778218400000008,-2.075097419999999,-1.7510639200000002,-1.7912503199999983,-2.0021130200000017,-1.8783342599999995,-1.8582135819999994,1.0418326051907794,-0.8163809768092211,-2.900046187190785,68500
-1.9927993399999984,-1.9376728000000005,-1.6050150199999995,-1.6587414,-1.7972754000000009,-2.0820249999999993,-1.8003431800000005,-1.8529334599999983,-2.0387459000000017,-1.8649690399999994,-1.8630520539999995,1.048448264560451,-0.8146037894395493,-2.911500318560457,68600
-1.9929193199999984,-1.9539928000000006,-1.5626832599999994,-1.6522887800000001,-1.820478180000001,-2.035444359999999,-1.8323576800000003,-1.8805197799999982,-2.023814060000002,-1.8636132199999995,-1.8618111439999996,1.0458371477952353,-0.815973996204765,-2.9076482917952418,68700
-2.0347940999999983,-1.9666923800000007,-1.6197438399999995,-1.6621535400000003,-1.786165400000001,-2.0346013399999996,-1.8429000800000004,-1.8349414799999983,-2.048737660000002,-1.8379058999999995,-1.8668635719999995,1.0434685216036723,-0.8233950503963279,-2.9103320936036785,68800
-2.0247788999999985,-1.9743874000000006,-1.6122367599999996,-1.63460618,-1.7995183000000008,-2.04060046,-1.8243995400000004,-1.836619979999998,-2.010646900000002,-1.8420502599999995,-1.8599844679999995,1.0459450261669057,-0.8140394418330945,-2.905929494166912,68900
-2.059064859999998,-1.9555780000000005,-1.6379304799999996,-1.6901520000000003,-1.8501408400000008,-2.03086158,-1.8166902800000002,-1.8803404399999983,-2.0032648400000017,-1.8416202999999995,-1.8765643619999994,1.0588358131485647,-0.8177285488514354,-2.9354001751485708,69000
-2.0130726799999983,-1.9744516800000003,-1.6110333399999996,-1.6622327000000001,-1.8734755000000007,-2.01511808,-1.8155937400000002,-1.8777608599999982,-1.9999631600000018,-1.8411916199999996,-1.8683893359999992,1.0470801817064566,-0.8213091542935435,-2.915469517706463,69100
-1.997204959999998,-1.9500767800000003,-1.5893601399999995,-1.69221632,-1.8532542400000005,-2.06434592,-1.82014072,-1.8882168599999982,-1.931431180000002,-1.8290063599999997,-1.8615253479999996,1.0370526504785738,-0.8244726975214262,-2.8985779984785798,69200
-1.981914299999998,-2.03643672,-1.5980998199999996,-1.69759942,-1.8653032000000005,-2.0726267600000003,-1.8664656199999998,-1.9168616399999985,-1.9624853600000016,-1.8433015199999998,-1.8841094359999995,1.040518612658658,-0.843590823341342,-2.9246280486586635,69300
-2.006201039999998,-2.0405832800000003,-1.60428792,-1.71624006,-1.8822187200000005,-2.0422077400000003,-1.84851704,-1.9258142599999983,-1.9694020600000015,-1.81824876,-1.8853720879999996,1.0411314521879138,-0.8442406358120865,-2.926503540187919,69400
-2.038669799999998,-2.0447273200000002,-1.6808882399999998,-1.6998260600000004,-1.8249204600000004,-2.03919112,-1.85248464,-1.889062099999998,-1.8989838000000014,-1.81945274,-1.8788206279999995,1.0515096594621334,-0.8273109685378671,-2.9303302874621386,69500
-2.0053890999999977,-2.0542762800000007,-1.6565109599999999,-1.7211144800000002,-1.8072367200000001,-2.00955056,-1.8450162799999998,-1.8769502399999982,-1.8829147800000015,-1.7788752600000002,-1.8637834659999997,1.0475104056234341,-0.8162730603765661,-2.9112938716234398,69600
-1.972216759999998,-2.0647144600000003,-1.66884444,-1.7161312800000001,-1.8288039000000003,-2.04622098,-1.8459920799999998,-1.8601938599999983,-1.8254384200000016,-1.7569894,-1.8585545579999996,1.0463876596858115,-0.8121668983141889,-2.9049422176858166,69700
-1.9554621799999978,-2.03012102,-1.65841488,-1.7042971800000002,-1.8285529200000006,-2.0214750200000005,-1.7904566799999997,-1.871635759999998,-1.7897915800000015,-1.73255384,-1.8382761059999995,1.0469866615648453,-0.7912894444351549,-2.885262767564851,69800
-1.9558305399999978,-2.0511144000000003,-1.67785834,-1.6503589200000002,-1.8020836800000004,-2.0120010200000005,-1.7442233399999998,-1.838413079999998,-1.7846748000000017,-1.74707734,-1.8263635459999994,1.049653349526419,-0.7767101964735811,-2.8760168955264245,69900
-1.9237071999999977,-2.05330986,-1.6877358999999998,-1.62915882,-1.7916336800000006,-2.0089382400000004,-1.7455267399999996,-1.846511459999998,-1.7529511400000015,-1.76340078,-1.8202873819999994,1.0455844193358232,-0.774702962664177,-2.865871801335828,70000
-1.916593299999998,-2.05032784,-1.6575613599999997,-1.6257901400000003,-1.7406257600000006,-1.9731476400000005,-1.6988559399999996,-1.8751491199999981,-1.7116211600000018,-1.78302636,-1.8032698619999994,1.034236170101667,-0.7690336918983333,-2.837506032101672,70100
-1.894977259999998,-2.0569590000000004,-1.6731388799999996,-1.5957500000000002,-1.7497764000000007,-2.0190849000000006,-1.7055606399999999,-1.8816738399999984,-1.7444487400000017,-1.76966382,-1.8091033479999996,1.0299905007446226,-0.7791128472553777,-2.8390938487446276,70200
-1.862949539999998,-2.07781178,-1.7001599599999995,-1.5713612000000003,-1.7875981000000005,-2.0375796400000006,-1.72096328,-1.8971591599999982,-1.7065861400000018,-1.7870423400000002,-1.8149211139999994,1.0352038671686483,-0.7797172468313519,-2.8501249811686535,70300
-1.8745866999999978,-2.13338072,-1.6586356599999994,-1.6307074400000001,-1.7886982200000006,-2.01851578,-1.74168712,-1.918274599999998,-1.6837328200000017,-1.75756826,-1.8205787319999995,1.0436579603099014,-0.7769207716900989,-2.8642366923099063,70400
-1.811989259999998,-2.04135578,-1.6439555399999994,-1.6075308400000003,-1.7877687600000007,-1.9023819000000004,-1.7241269399999999,-1.891248919999998,-1.6625267000000017,-1.7033074199999998,-1.7776192059999993,1.018206915295118,-0.7594122907048821,-2.795826121295123,70500
-1.763369319999998,-2.00036066,-1.6214797399999994,-1.6325332000000004,-1.793650140000001,-1.8864296000000005,-1.69517272,-1.8698332599999978,-1.7084967000000018,-1.7442890199999999,-1.7715614359999996,1.0272168430075175,-0.7443445929924828,-2.798778279007523,70600
-1.749675679999998,-1.98143416,-1.6584005399999995,-1.6390882400000002,-1.8129261600000008,-1.9484612600000006,-1.70251376,-1.8618699399999976,-1.6760533200000018,-1.79144204,-1.7821865099999996,1.03471336276357,-0.7474731472364303,-2.816899872763575,70700
-1.734878739999998,-1.9762568999999999,-1.6516888799999996,-1.6358977199999998,-1.8092965200000009,-1.9049059400000008,-1.6912771,-1.8576650399999977,-1.6290630200000016,-1.8060305599999997,-1.7696960419999996,1.0263887933084666,-0.7433072486915339,-2.7960848353084713,70800
-1.7461318599999982,-1.9354847399999997,-1.6672429399999995,-1.6294548399999997,-1.838175240000001,-1.9233050800000007,-1.68532066,-1.8915196599999975,-1.6802137600000016,-1.8103899799999996,-1.7807238759999995,1.0302939515644873,-0.7504299244355133,-2.811017827564492,70900
-1.641666139999998,-1.90124996,-1.6264437799999996,-1.5994078399999998,-1.822618200000001,-1.8983527800000006,-1.6406535400000002,-1.8442373599999977,-1.6188196600000015,-1.8005504199999995,-1.7393999679999996,1.0070903473335067,-0.732309620666494,-2.7464903153335114,71000
-1.6300757799999983,-1.8671849199999997,-1.5884719199999995,-1.5887582599999999,-1.8724698800000013,-1.8465813400000008,-1.6551571400000002,-1.8125601599999976,-1.6386274600000015,-1.7693745999999997,-1.7269261459999996,1.0121526885252023,-0.7147734574747983,-2.7390788345252073,71100
-1.6457186399999983,-1.91400916,-1.6245937999999995,-1.5940737999999999,-1.8788556600000013,-1.8414187600000007,-1.6826827400000002,-1.8047226199999975,-1.6368713800000017,-1.7833653199999997,-1.7406311879999996,1.0166270905759027,-0.7240040974240981,-2.7572582785759074,71200
-1.6129167999999985,-1.92655044,-1.6418575599999996,-1.61766796,-1.8663344000000013,-1.8336413200000008,-1.69505256,-1.7927331399999977,-1.6086757800000018,-1.7656206999999997,-1.7361050659999995,1.0161971386075985,-0.7199079273924022,-2.7523022046076027,71300
-1.6237037799999985,-1.9374913599999999,-1.5942676199999997,-1.63161056,-1.8441088600000013,-1.8356811200000005,-1.66070864,-1.7742270199999977,-1.6174786800000018,-1.7334785599999998,-1.7252756199999997,1.007431861952755,-0.7178437580472459,-2.7327074819527595,71400
-1.6318598399999984,-1.9208933,-1.6239645399999998,-1.63357552,-1.8275851000000012,-1.8177831600000005,-1.7011179200000002,-1.7789663199999977,-1.591111040000002,-1.7108301999999997,-1.7237686939999997,1.0020627742013999,-0.7217059197986009,-2.7258314682014047,71500
-1.6234135999999986,-1.91039728,-1.6550542399999997,-1.6431196,-1.8831695000000013,-1.8339618600000005,-1.7021083199999998,-1.7802787999999976,-1.5925109600000018,-1.683952,-1.730796616,0.9998040779521428,-0.7309925380478579,-2.7306006939521477,71600
-1.7157957999999984,-1.9092035200000002,-1.6263970799999998,-1.65272762,-1.8868782600000014,-1.8250327600000005,-1.6836408999999997,-1.7758688199999975,-1.5519194800000016,-1.6836399799999997,-1.7311104219999998,1.010615042286978,-0.7204953797130226,-2.741725464286983,71700
-1.7210608399999985,-1.90083216,-1.6968887599999996,-1.5504605999999999,-1.8852564600000015,-1.7923716400000007,-1.6707416199999998,-1.7178289199999974,-1.5833106400000017,-1.6860334599999995,-1.7204785099999997,1.0059327813949388,-0.7145457286050616,-2.7264112913949434,71800
-1.7801535599999982,-1.85392984,-1.7115280599999994,-1.55448666,-1.8552563000000013,-1.8050019800000008,-1.6768385999999997,-1.6570228799999973,-1.5865756000000015,-1.6575525599999994,-1.7138346039999997,1.0170113985948488,-0.6968232054051517,-2.7308460025948533,71900
-1.7595494999999983,-1.8278946399999998,-1.7370602199999994,-1.51347676,-1.8374572800000013,-1.7457329400000006,-1.65608228,-1.6917215599999975,-1.6191333600000015,-1.6597399999999993,-1.7047848539999995,0.9997561099926652,-0.7050287440073352,-2.7045409639926703,72000
-1.7945645399999983,-1.7713257999999996,-1.7682306199999993,-1.52122094,-1.840426020000001,-1.7153357400000007,-1.6635320999999998,-1.7109722399999976,-1.5980431600000014,-1.6521563999999993,-1.7035807559999996,1.000625939235885,-0.7029548167641155,-2.7042066952358903,72100
-1.7586119399999982,-1.7975793599999996,-1.7877650999999994,-1.54182536,-1.8470146000000012,-1.7311759600000007,-1.6326018400000002,-1.7242311799999976,-1.6310563200000017,-1.688526479999999,-1.7140388139999994,0.9995756944466437,-0.7144631195533567,-2.713614508446649,72200
-1.7198869199999982,-1.7996469199999996,-1.8607734599999992,-1.5536788000000001,-1.832079940000001,-1.725114080000001,-1.63290602,-1.7444200399999976,-1.6463912400000018,-1.6617678399999989,-1.7176665259999992,1.0003108090771127,-0.7173557169228877,-2.7179773350771175,72300
-1.706058479999998,-1.8584991199999996,-1.841557919999999,-1.54701656,-1.787094820000001,-1.716304880000001,-1.61140116,-1.7982190599999979,-1.6316404200000016,-1.639427899999999,-1.7137220319999995,1.0043666571352141,-0.7093553748647863,-2.718088689135219,72400
-1.704920499999998,-1.8079948199999996,-1.8367958599999992,-1.551244,-1.8171897400000012,-1.726391500000001,-1.605675,-1.7561397399999978,-1.6527163200000015,-1.6552845999999988,-1.7114352079999995,0.9947595338387114,-0.7166756741612889,-2.7061947418387162,72500
-1.7657562799999982,-1.7525300399999995,-1.8385084999999992,-1.5555391399999998,-1.8414444800000012,-1.7353059800000008,-1.6535614799999998,-1.746767339999998,-1.6535624000000015,-1.667623679999999,-1.7210599319999995,0.9918188530508958,-0.7292410789491045,-2.7128787850509,72600
-1.7587331799999981,-1.7350596599999994,-1.869767239999999,-1.6167646199999999,-1.8581281400000014,-1.730742940000001,-1.6346081999999997,-1.7236090999999976,-1.6568203600000015,-1.586469659999999,-1.7170703099999995,0.9926053047391469,-0.7244650052608534,-2.709675614739151,72700
-1.772363099999998,-1.7136995199999996,-1.8950348399999992,-1.5990865399999998,-1.8846917400000012,-1.631987540000001,-1.6010269599999998,-1.7215926199999976,-1.6865046800000016,-1.5758928999999993,-1.7081880439999995,0.9803786023540697,-0.7278094416459306,-2.688566646354074,72800
-1.7849888999999979,-1.6693530399999994,-1.8815572799999996,-1.5719985799999998,-1.8697639200000011,-1.6161179800000012,-1.5972562799999996,-1.7034485399999975,-1.6899070200000017,-1.5909403199999992,-1.6975331859999994,0.9821160223228012,-0.7154171636771991,-2.6796492083228056,72900
-1.839776119999998,-1.6625606399999995,-1.8296572999999996,-1.5534891799999997,-1.878175540000001,-1.650340660000001,-1.5700708399999996,-1.7153639199999975,-1.6595050000000018,-1.5691095399999992,-1.6928048739999995,0.9928810485099636,-0.6999238254900365,-2.685685922509968,73000
-1.789356659999998,-1.6538373799999997,-1.8296863999999997,-1.5855275399999997,-1.9006325600000011,-1.685288280000001,-1.5594282799999997,-1.7715583799999974,-1.6114814200000018,-1.536184079999999,-1.6922980979999993,0.9964721418941643,-0.6958259561058359,-2.688770239894169,73100
-1.8070660999999981,-1.6990915799999997,-1.8326841799999998,-1.5935013599999996,-1.846358800000001,-1.6683520400000011,-1.5350787999999997,-1.7762880799999974,-1.6685656400000015,-1.565884499999999,-1.6992871079999992,0.9961901272461964,-0.7030969807538037,-2.695477235246201,73200
-1.819629059999998,-1.6638807999999998,-1.7906265799999996,-1.5957786599999997,-1.864258680000001,-1.6215440000000012,-1.5703695,-1.7119083199999972,-1.7197316600000017,-1.540761819999999,-1.6898489079999992,0.9905081597726781,-0.699340748227322,-2.680357067772683,73300
-1.779385099999998,-1.7030898799999996,-1.7936841799999996,-1.5759780999999997,-1.855367420000001,-1.648066560000001,-1.56470096,-1.697169299999997,-1.6684160200000016,-1.5355407199999989,-1.6821398239999994,0.9883149562464151,-0.6938248677535852,-2.67045478024642,73400
-1.769219659999998,-1.6886228599999995,-1.7893838599999996,-1.5430597999999998,-1.852258160000001,-1.6594664600000013,-1.5141861,-1.687286599999997,-1.6748974000000016,-1.5363353199999985,-1.6714716219999994,0.9856834171344536,-0.6857882048655466,-2.6571550391344583,73500
-1.7602556199999981,-1.6675403399999995,-1.8199619799999993,-1.5535169,-1.862372580000001,-1.6700526200000012,-1.45977692,-1.6339736999999972,-1.6534437000000017,-1.5276895999999989,-1.6608583959999992,0.9770543872730555,-0.6838040087269448,-2.6379127832730602,73600
-1.762136179999998,-1.7296275199999998,-1.8711973799999992,-1.52244936,-1.8614871200000014,-1.6948752400000011,-1.4425815,-1.6242461199999971,-1.6322265000000016,-1.537185439999999,-1.6678012359999992,0.9816190509179269,-0.6861821850820735,-2.6494202869179317,73700
-1.756409439999998,-1.7386968199999995,-1.849549719999999,-1.5128718199999998,-1.9003687600000012,-1.6836984200000011,-1.41073394,-1.6360003399999972,-1.6141917400000017,-1.5245686199999988,-1.6627089619999993,0.983591812941588,-0.6791171490584123,-2.646300774941593,73800
-1.7608402399999983,-1.7539047199999995,-1.856573619999999,-1.5119819399999996,-1.9106727000000012,-1.6999360200000009,-1.44469536,-1.5869605199999972,-1.629895580000002,-1.504084839999999,-1.6659545539999991,0.9829530540540742,-0.683001499945926,-2.6489076080540794,73900
-1.7413302999999982,-1.7638667799999996,-1.818281479999999,-1.4521117199999998,-1.8459826600000013,-1.6722588000000007,-1.4373359200000002,-1.5446129999999971,-1.6075595600000017,-1.528550759999999,-1.641189097999999,0.9731688969403648,-0.6680202010596353,-2.6143579949403697,74000
-1.7259591999999984,-1.7375392999999997,-1.825672119999999,-1.4670405199999998,-1.9071350400000013,-1.6736940600000005,-1.45178648,-1.5283920599999972,-1.6023309800000018,-1.5309588199999993,-1.645050857999999,0.9880880705851127,-0.6569627874148875,-2.633138928585118,74100
-1.7165152399999986,-1.7520049599999996,-1.8008698799999991,-1.4722933,-1.9147685000000016,-1.6192467200000007,-1.4862064200000003,-1.514504859999997,-1.5853246400000018,-1.5248289399999992,-1.638656345999999,0.9883160575210894,-0.6503402884789108,-2.6269724035210946,74200
-1.7192807399999988,-1.6939719999999996,-1.826320979999999,-1.4520246,-1.8945288000000016,-1.5958104600000007,-1.4868862200000004,-1.460898319999997,-1.5325279000000018,-1.5244810199999992,-1.6186731039999993,0.9872380283879971,-0.6314350756120031,-2.605911132388003,74300
-1.7322667399999987,-1.7148767399999998,-1.8436051199999992,-1.42404858,-1.8936654400000015,-1.6128149200000008,-1.4992420000000004,-1.432261299999997,-1.5271930600000019,-1.4803415599999992,-1.6160315459999992,0.9931445174409259,-0.6228870285590742,-2.6091760634409322,74400
-1.6682444999999988,-1.6819428399999996,-1.773900639999999,-1.4441193399999996,-1.9018224000000015,-1.5765393200000006,-1.4745228200000005,-1.462965499999997,-1.5608637200000022,-1.484713539999999,-1.6029634619999993,0.9742796224827128,-0.6286838395172873,-2.5772430844827188,74500
-1.6572934799999988,-1.6708718399999996,-1.8165845599999992,-1.4330516599999998,-1.9144079800000018,-1.6046377000000007,-1.4922490600000007,-1.4607052599999972,-1.542914820000002,-1.555636699999999,-1.6148353059999991,0.9843886831854942,-0.6304466228145059,-2.5992239891855,74600
-1.6653189999999987,-1.6856194999999996,-1.888874179999999,-1.46455604,-1.8986922000000015,-1.5745155200000007,-1.4831678800000005,-1.430734599999997,-1.576082600000002,-1.544652499999999,-1.6212214019999993,0.991485837091342,-0.6297355649086581,-2.612707239091348,74700
-1.6583981399999987,-1.7084455999999997,-1.897804779999999,-1.4734961999999998,-1.8774632800000015,-1.6131191200000006,-1.4934304200000006,-1.408183579999997,-1.6098643800000019,-1.6304611999999992,-1.6370666699999996,0.996802642539968,-0.6402640274600323,-2.633869312539974,74800
-1.6665640999999989,-1.6556969399999997,-1.8702138199999991,-1.49994174,-1.9238458400000016,-1.6650136000000006,-1.5348673800000006,-1.416437659999997,-1.6105069200000017,-1.6440545599999994,-1.6487142559999994,0.9910192577077335,-0.6576949982922667,-2.6397335137077396,74900
-1.660456819999999,-1.6968610199999998,-1.902893619999999,-1.51693298,-1.9009439000000015,-1.6556210400000007,-1.5213481200000007,-1.3987607199999972,-1.5994749600000018,-1.612529079999999,-1.6465822259999996,0.9951525934637107,-0.6514296325362895,-2.641734819463717,75000
-1.6399469799999988,-1.6820554799999998,-1.9222051399999989,-1.50595652,-1.9556924600000014,-1.700297640000001,-1.5252217200000007,-1.4080986599999972,-1.5956149400000015,-1.5947321799999992,-1.6529821719999995,1.0016375924603258,-0.6513445795396744,-2.6546197644603318,75100
-1.7155481999999986,-1.66534374,-1.918222999999999,-1.4899338800000002,-1.9886845600000012,-1.6980606600000008,-1.5464526000000007,-1.460308059999997,-1.5851987800000016,-1.5697811599999991,-1.6637534639999996,1.0050835833476364,-0.6586698806523636,-2.6688370473476426,75200
-1.7306431399999989,-1.6608213199999997,-1.9199094599999988,-1.5153466199999999,-1.9093088000000014,-1.6633981800000006,-1.5477004200000004,-1.463511259999997,-1.6423330400000014,-1.5468220199999991,-1.6599794259999996,0.9998365793905815,-0.6601428466094186,-2.6598160053905877,75300
-1.7136752399999988,-1.5958772399999999,-1.9494487199999988,-1.4696627,-1.9051376400000015,-1.6983810000000008,-1.5564802800000006,-1.4705315199999973,-1.6533199400000016,-1.5615078799999993,-1.6574022159999995,0.9933315730116488,-0.6640706429883514,-2.650733789011655,75400
-1.7264764599999987,-1.56242212,-1.9457949999999988,-1.48612056,-1.8796472200000014,-1.7051124000000006,-1.5527206400000009,-1.4764645999999972,-1.6300666200000016,-1.5718399799999994,-1.6536665599999998,0.9858318122385425,-0.6678347477614576,-2.6394983722385486,75500
-1.733484099999999,-1.58134688,-1.9749718199999986,-1.51154624,-1.8443732800000012,-1.7606553000000005,-1.604733100000001,-1.4649021399999975,-1.5930046200000014,-1.5222761399999996,-1.6591293619999996,0.9812402710863952,-0.6778890909136049,-2.6403696330864013,75600
-1.786174299999999,-1.5787694599999997,-1.9427691599999986,-1.5231915200000001,-1.8134510800000012,-1.7313740600000003,-1.626637340000001,-1.4969975999999974,-1.5892960400000014,-1.4758962599999996,-1.6564556819999996,0.9779268852243378,-0.6785287967756624,-2.6343825672243435,75700
-1.804591039999999,-1.5372048399999998,-1.9695062799999985,-1.55496414,-1.898873760000001,-1.7473323200000002,-1.6843191800000008,-1.5087554399999974,-1.6000414200000015,-1.4918563199999997,-1.6797444739999998,0.9885816178011285,-0.6911628561988715,-2.6683260918011342,75800
-1.806229039999999,-1.5718436599999999,-1.9557421999999987,-1.5372346200000004,-1.893586860000001,-1.78453546,-1.6818200600000008,-1.4852446999999975,-1.5489796200000014,-1.5180827199999998,-1.6783298939999998,0.9942533787777258,-0.6840765152222743,-2.6725832727777314,75900
-1.8355664799999991,-1.5807208999999998,-1.9478902399999984,-1.5692439200000003,-1.8836256200000008,-1.7850960800000002,-1.6902185800000007,-1.4773397199999974,-1.5474116000000016,-1.5123397399999998,-1.6829452879999998,1.0015921409017188,-0.6813531470982812,-2.6845374289017245,76000
-1.838656139999999,-1.61181818,-1.9411674199999984,-1.5969292200000005,-1.8341771800000006,-1.79750548,-1.6595033600000004,-1.5271186599999973,-1.5053461400000014,-1.4981028,-1.6810324579999998,0.9920191655083697,-0.6890132924916302,-2.6730516235083757,76100
-1.840326339999999,-1.6061406999999996,-1.9184506399999983,-1.6122145000000003,-1.8377599800000004,-1.79531362,-1.6528535800000006,-1.5308503999999974,-1.5018757200000012,-1.5042329,-1.6800018379999997,0.990959999948291,-0.6890418380517089,-2.670961837948297,76200
-1.871095679999999,-1.6015790199999997,-1.8906817999999985,-1.5705476600000003,-1.8517466200000003,-1.78838324,-1.6921030000000008,-1.5154653199999972,-1.5502496000000014,-1.50507662,-1.6836928559999997,1.0001085027624712,-0.6835843532375288,-2.6838013587624774,76300
-1.8894556199999988,-1.6023431,-1.9029363199999982,-1.5518544800000003,-1.8730281200000005,-1.8365249,-1.693047280000001,-1.5204592199999973,-1.5697611800000013,-1.50185786,-1.6941268079999998,1.0046813172119713,-0.6894454907880284,-2.6988081252119773,76400
-1.9092353199999987,-1.6496865399999998,-1.8770828799999983,-1.5706021800000003,-1.8734982600000003,-1.78270896,-1.6716959000000011,-1.5208963399999973,-1.6062886600000013,-1.4906224000000001,-1.6952317439999995,1.0100678520711406,-0.6851638919288591,-2.7052995960711472,76500
-1.8496223799999987,-1.6850564599999998,-1.8328162399999985,-1.5722383000000002,-1.8342429400000002,-1.772889,-1.6623304800000012,-1.5581848599999972,-1.587710180000001,-1.53564168,-1.6890732519999998,1.0066830855638975,-0.6823901664361022,-2.695756337563904,76600
-1.7807256999999987,-1.6446090399999997,-1.8726341199999985,-1.5634216600000002,-1.8402281600000003,-1.7683802199999996,-1.6508887200000009,-1.5749963399999973,-1.6508268800000012,-1.5349545599999999,-1.6881665399999997,0.9998926105738972,-0.6882739294261024,-2.6880591505739035,76700
-1.8073753199999987,-1.6346203799999999,-1.7977301599999984,-1.5694618400000004,-1.8807208000000002,-1.8004755799999996,-1.636688020000001,-1.5577494799999974,-1.6128084800000013,-1.5611999,-1.6858829959999997,0.9967700227762344,-0.6891129732237654,-2.6826530187762403,76800
-1.7427231399999987,-1.6717013999999997,-1.7591458399999984,-1.5370771000000005,-1.9349345000000002,-1.7725353399999995,-1.6522457800000006,-1.5582646399999975,-1.5936621600000016,-1.5572005000000002,-1.6779490399999997,0.989557375703526,-0.6883916642964738,-2.667506415703532,76900
-1.7756462199999987,-1.6995518399999998,-1.7433440799999986,-1.5862902200000004,-1.9323713600000003,-1.7347982999999996,-1.6668234000000006,-1.5422766199999975,-1.5879295800000015,-1.5550146600000003,-1.6824046279999998,0.9878930527287137,-0.694511575271286,-2.6702976807287193,77000
-1.7377977799999988,-1.70203814,-1.7065849999999982,-1.5670361800000003,-1.9950622000000005,-1.7756820599999994,-1.6422149000000008,-1.5509168199999974,-1.5991413200000013,-1.5297713000000002,-1.68062457,0.9901408992633977,-0.690483670736602,-2.670765469263403,77100
-1.769810519999999,-1.7013207,-1.695280699999998,-1.5610245000000003,-2.0189399000000003,-1.7470911999999996,-1.6317146400000007,-1.5069226399999973,-1.6069120600000013,-1.5100205400000002,-1.67490374,0.9913076529182007,-0.6835960870817989,-2.666211392918206,77200
-1.7501812199999989,-1.68594148,-1.6318706199999982,-1.5488631000000002,-2.0759242,-1.7792413399999996,-1.6259962800000007,-1.4931392199999973,-1.6213040800000014,-1.5712902600000005,-1.6783751800000002,0.9993558093880371,-0.6790193706119625,-2.6777309893880425,77300
-1.792296059999999,-1.6293313600000001,-1.6363708999999984,-1.5799975800000001,-2.0785466800000005,-1.7716694999999996,-1.6286601600000006,-1.4754128599999974,-1.6335819400000013,-1.5795749000000003,-1.680544194,0.9906791597004689,-0.6898650342995306,-2.6712233537004746,77400
-1.785528079999999,-1.64297354,-1.6144038399999983,-1.5879203000000002,-2.0812689200000003,-1.7839937399999997,-1.6545629800000006,-1.4812383199999974,-1.6210915200000016,-1.5486933600000004,-1.68016746,0.9923054783418789,-0.6878619816581208,-2.6724729383418846,77500
-1.7944739399999992,-1.6254947400000004,-1.6172104599999981,-1.58875994,-2.0861246600000003,-1.75577678,-1.6702255800000005,-1.4704177599999975,-1.6358490800000016,-1.5012068200000002,-1.6745539759999999,0.9962341244857094,-0.6783198515142904,-2.670788100485715,77600
-1.8134110599999993,-1.6925357800000003,-1.6055813999999982,-1.5577917000000001,-2.0690061600000003,-1.7395438199999997,-1.7057971400000005,-1.4633541999999975,-1.5940927800000013,-1.52309348,-1.6764207519999998,0.9866942014224375,-0.6897265505775623,-2.663114953422443,77700
-1.7958859799999993,-1.7064346800000003,-1.595134339999998,-1.5493350000000004,-2.0361430200000004,-1.7935060799999996,-1.6962810600000007,-1.4562497999999977,-1.5512471600000015,-1.5077831599999998,-1.668800028,0.9853347744040234,-0.6834652535959765,-2.6541348024040285,77800
-1.8091140199999995,-1.7547200000000003,-1.633950199999998,-1.5736666600000004,-2.0359304600000003,-1.7702171399999995,-1.6806811800000006,-1.4702364599999975,-1.6241454200000016,-1.4977471,-1.685040864,0.9970179367238942,-0.6880229272761058,-2.6820588007238997,77900
-1.7444381399999995,-1.7867577000000003,-1.663904159999998,-1.5740508000000002,-2.0388506000000004,-1.8177086199999997,-1.7568104400000006,-1.4832471799999973,-1.6497082200000015,-1.5124819,-1.702795776,1.0002799552685646,-0.7025158207314353,-2.70307573126857,78000
-1.7204552999999996,-1.8242475600000003,-1.6527036999999978,-1.5680696400000003,-2.0055588600000003,-1.8084455399999997,-1.7455758400000005,-1.4011518199999973,-1.6329809200000014,-1.5647650400000002,-1.6923954220000001,0.9978191551353429,-0.6945762668646571,-2.690214577135348,78100
-1.7133992799999995,-1.8370190200000003,-1.6428096399999979,-1.5554523600000005,-2.0321232400000007,-1.8968408799999998,-1.7823661200000003,-1.3946823399999975,-1.5428237000000016,-1.54399514,-1.6941511720000002,1.003363037774287,-0.6907881342257128,-2.697514209774292,78200
-1.6907172999999998,-1.86701448,-1.616946159999998,-1.5838340600000003,-2.0385294600000003,-1.8762452999999997,-1.7402390800000003,-1.3865740799999975,-1.5131607400000016,-1.5275458,-1.6840806460000002,0.9952612482768555,-0.6888193977231444,-2.679341894276861,78300
-1.6909273999999996,-1.85491344,-1.566870839999998,-1.5702728000000006,-2.0776541800000006,-1.8568961199999998,-1.7451534000000004,-1.4160593999999975,-1.5263027600000014,-1.5856594800000001,-1.689070982,0.9943497400118959,-0.694721241988104,-2.683420722011901,78400
-1.7163398799999996,-1.8762536600000002,-1.5282275199999982,-1.5716953600000005,-2.0695203800000006,-1.8827289399999998,-1.7804698400000003,-1.4749677799999972,-1.5431481000000016,-1.6166436600000003,-1.7059995120000002,1.001965062347484,-0.7040344496525158,-2.707964574347489,78500
-1.7553392199999995,-1.89814488,-1.501468359999998,-1.5751368600000004,-2.0432234800000004,-1.9195582399999997,-1.7984379400000006,-1.4527444399999974,-1.5590806200000014,-1.6563888400000002,-1.7159522880000002,1.006568418538459,-0.709383869461541,-2.7225207065384636,78600
-1.7277125799999995,-1.8052319,-1.4688423199999983,-1.5755364200000002,-2.04000512,-1.90421842,-1.7596752000000007,-1.444683479999997,-1.5463953000000015,-1.69509522,-1.6967395960000005,0.9986272039846589,-0.698112392015341,-2.6953667999846633,78700
-1.7126219799999995,-1.79713806,-1.4941764999999985,-1.6211299600000004,-2.0353352,-1.8963134599999998,-1.7648712600000007,-1.4596037599999971,-1.5426397200000013,-1.75151428,-1.7075344180000005,1.0054515126064612,-0.7020829053935388,-2.712985930606466,78800
-1.6961964799999996,-1.7509696399999999,-1.5232983999999985,-1.6221110400000003,-2.01327108,-1.89581406,-1.720636040000001,-1.468100419999997,-1.5668723600000012,-1.7669392400000001,-1.7024208760000006,1.0056897970612786,-0.6967310789387214,-2.7081106730612827,78900
-1.6881962799999997,-1.7510466199999999,-1.5129014799999985,-1.5936814000000004,-2.02579238,-1.9829475399999998,-1.7448792600000007,-1.480707219999997,-1.5825454200000013,-1.7422914399999998,-1.7104989040000007,1.0181316019604896,-0.6923673020395106,-2.7286305059604934,79000
-1.6744084399999997,-1.78245486,-1.5308630599999984,-1.5974919200000002,-1.9372969400000002,-1.96840342,-1.7255945000000008,-1.490703519999997,-1.6058885800000013,-1.7666862799999998,-1.7079791520000007,1.000758667072877,-0.7072204849271232,-2.7087378190728804,79100
-1.6871852599999997,-1.813212,-1.5414802399999983,-1.57632182,-1.9019732000000003,-2.0304039599999997,-1.7675090400000009,-1.491033199999997,-1.6511664400000012,-1.8491316199999996,-1.7309416780000004,1.009544423632959,-0.7213972543670413,-2.7404861016329622,79200
-1.6813562199999996,-1.8158239,-1.5178571599999982,-1.5802808400000001,-1.8809893000000002,-2.0591351199999997,-1.737998120000001,-1.5100485199999971,-1.6812314400000015,-1.8336293799999999,-1.7298350000000002,1.0012659110348203,-0.7285690889651799,-2.7311009110348237,79300
-1.6769031999999995,-1.77092524,-1.4693719999999981,-1.59278548,-1.9085989600000002,-2.0553221999999995,-1.738376380000001,-1.5052325399999973,-1.6526623800000013,-1.8543544399999998,-1.7224532820000003,1.0051764634259355,-0.7172768185740647,-2.727629745425939,79400
-1.6850953199999994,-1.77530678,-1.4842404399999984,-1.6175910999999998,-1.9174618800000003,-2.0573517999999997,-1.7293668400000006,-1.5080652399999972,-1.6622673000000012,-1.90822736,-1.734497406,1.01080273758587,-0.72369466841413,-2.7453001435858737,79500
-1.6888792599999993,-1.77094424,-1.5037685999999986,-1.61117968,-1.90493818,-2.0676437799999996,-1.7488133400000008,-1.534499099999997,-1.7033140600000012,-1.8514293999999998,-1.7385409640000002,1.0090352203205024,-0.7295057436794976,-2.747576184320506,79600
-1.6955929799999994,-1.7537006199999998,-1.4582585399999985,-1.59325896,-1.9065008200000002,-2.0447761799999995,-1.761334540000001,-1.557857339999997,-1.6682411800000012,-1.8882103399999999,-1.73277315,0.9943798611030442,-0.7383932888969558,-2.7271530111030478,79700
-1.6738456799999992,-1.7547959599999998,-1.4813556599999986,-1.5936095000000001,-1.9503908600000002,-2.0067834999999996,-1.7422530600000008,-1.553652239999997,-1.6470136800000013,-1.86885306,-1.7272553200000005,0.9915993808071645,-0.7356559391928356,-2.718854700807168,79800
-1.674932979999999,-1.7703716799999998,-1.5021579599999988,-1.5667738400000002,-1.9032638000000004,-1.9932749599999997,-1.758408540000001,-1.568989079999997,-1.6387004400000011,-1.8587999199999998,-1.7235673200000006,0.9885715487973276,-0.7349957712026725,-2.7121388687973313,79900
-1.696831199999999,-1.73875508,-1.4744632399999988,-1.5954520600000002,-1.8823089800000006,-2.02415918,-1.7661294200000008,-1.5424571399999971,-1.648275620000001,-1.9135574199999998,-1.7282389340000004,0.9861482484691783,-0.7420906855308219,-2.714387182469182,80000
-1.7271395199999988,-1.74517268,-1.485568239999999,-1.62630816,-1.8407737400000004,-2.0367183399999997,-1.7904595200000009,-1.6009703999999971,-1.6394870400000014,-1.9483650999999997,-1.7440962740000003,0.986141129469069,-0.7579551445309312,-2.730237403469072,80100
-1.666395559999999,-1.7536877999999998,-1.501276919999999,-1.6562043800000001,-1.8014463800000005,-2.00408268,-1.7919481200000007,-1.5608514599999972,-1.6253370600000014,-1.9539626599999997,-1.7315193020000001,0.9768588549023025,-0.7546604470976976,-2.7083781569023055,80200
-1.691307359999999,-1.728023,-1.5114320599999989,-1.6897923400000001,-1.8372252600000005,-2.0503842,-1.7642088600000008,-1.5453924599999973,-1.6163419200000015,-1.9660926399999996,-1.74002001,0.9820495001039329,-0.7579705098960672,-2.722069510103936,80300
-1.7230756799999989,-1.78824152,-1.4866925599999987,-1.6982291400000002,-1.8094460400000003,-2.03398538,-1.7790566000000008,-1.5006422399999975,-1.6257201000000017,-1.9898339799999996,-1.743492324,0.9815031433590684,-0.7619891806409317,-2.7249954673590713,80400
-1.7104366999999991,-1.7745799,-1.5290861599999988,-1.6892561000000004,-1.8113817200000002,-2.0561611799999997,-1.8160092800000007,-1.5427307799999974,-1.6875503600000017,-2.0162637799999996,-1.763345596,0.9971757674795286,-0.7661698285204716,-2.7605213634795316,80500
-1.706349559999999,-1.7593777800000001,-1.502836859999999,-1.6439163600000004,-1.8061855400000004,-2.09015606,-1.7872656600000005,-1.534279979999997,-1.6785566600000015,-2.0481389399999994,-1.7557063400000001,1.0060349310968228,-0.7496714089031775,-2.7617412710968257,80600
-1.652747539999999,-1.7612913000000003,-1.5101977599999992,-1.6061083800000002,-1.8232373600000003,-2.08015676,-1.7697427000000006,-1.5311485999999974,-1.6748963200000018,-2.0511361799999994,-1.7460662900000004,0.9997709920270897,-0.7462952979729106,-2.7458372820270927,80700
-1.6192932999999992,-1.7670636800000004,-1.4826769399999993,-1.5954766000000005,-1.7367420400000002,-2.0861548,-1.7348980200000006,-1.5488980199999975,-1.6800669800000017,-2.0556863599999993,-1.7306956740000001,0.989536846432004,-0.7411588275679962,-2.7202325204320066,80800
-1.615022979999999,-1.7725369000000004,-1.5059047399999992,-1.6347483000000003,-1.7373726200000004,-2.0220416400000003,-1.7314261600000007,-1.5468264199999973,-1.7055218400000016,-2.0410790599999995,-1.7312480660000003,0.979275981653418,-0.751972084346582,-2.7105240476534207,80900
-1.569707799999999,-1.7911031400000004,-1.5166982999999994,-1.6177520800000003,-1.7329740200000006,-2.0433352,-1.7431811200000007,-1.5465190799999973,-1.6937840000000017,-2.0372653799999996,-1.7292320120000002,0.9811035472175085,-0.7481284647824917,-2.7103355592175116,81000
-1.5928690399999992,-1.7808354000000002,-1.5366343599999994,-1.6056108,-1.7398211400000008,-2.0439553200000002,-1.7830362600000007,-1.5056281399999976,-1.7173723200000017,-2.0401845599999993,-1.7345947340000003,0.9826388552543629,-0.7519558787456373,-2.7172335892543655,81100
-1.5874334199999993,-1.7568578000000006,-1.5248290199999994,-1.6044904,-1.760064880000001,-2.0248125200000002,-1.8046691200000007,-1.5031007199999977,-1.7180649800000019,-1.991938519999999,-1.7276261380000002,0.9815775551170819,-0.7460485828829184,-2.709203693117084,81200
-1.576309439999999,-1.7893989400000003,-1.5486782799999992,-1.6041752400000002,-1.785086380000001,-2.0154797400000004,-1.7743220800000006,-1.5412022599999975,-1.7332232000000019,-2.019823839999999,-1.7387699400000003,0.9774159809545698,-0.7613539590454305,-2.7161859209545725,81300
-1.596207539999999,-1.8634074600000003,-1.592210899999999,-1.5907996800000002,-1.753432900000001,-1.9857688000000002,-1.7793550600000005,-1.5430643799999972,-1.7193703600000019,-2.020978159999999,-1.7444595240000005,0.9949082965023327,-0.7495512274976677,-2.7393678205023355,81400
-1.5931774799999994,-1.8148404000000002,-1.6111359399999992,-1.5833251400000004,-1.773162400000001,-2.00627748,-1.7450146400000006,-1.5903676599999972,-1.6840714800000018,-2.011796279999999,-1.7413168900000005,0.9866590420001562,-0.7546578479998441,-2.7279759320001586,81500
-1.5944217799999993,-1.7665677800000004,-1.627997939999999,-1.5849592800000003,-1.7756432000000009,-2.01773674,-1.7344006800000005,-1.6099222599999974,-1.681373500000002,-1.9926175399999995,-1.7385640700000005,0.986393465048829,-0.7521706049511714,-2.7249575350488318,81600
-1.6429597799999993,-1.7625949000000003,-1.572419119999999,-1.57354722,-1.7929289200000007,-2.01045774,-1.7686235000000006,-1.6124519999999973,-1.648006160000002,-2.0601516799999993,-1.7444141020000004,0.9966505806337342,-0.7477635213662661,-2.741064682633737,81700
-1.6154246999999993,-1.7269207000000002,-1.565156739999999,-1.56384386,-1.7712177200000008,-1.9824999200000002,-1.7963559800000004,-1.6618168799999973,-1.6481184600000018,-1.9700388399999995,-1.7301393800000004,0.9882218306007685,-0.7419175493992317,-2.7183612106007717,81800
-1.6214244399999993,-1.6945724000000004,-1.632581679999999,-1.56571392,-1.7510703600000008,-2.0435947800000003,-1.7484182000000006,-1.6915968999999973,-1.6797188400000016,-1.9815860599999993,-1.7410277580000006,0.9977687036379573,-0.743259054362043,-2.7387964616379605,81900
-1.5947142599999995,-1.6728889200000003,-1.6502229199999991,-1.55646628,-1.8029239600000009,-2.0203406600000005,-1.7665945200000008,-1.6914241199999973,-1.6933590000000018,-1.9794145399999994,-1.7428349180000007,1.0029128076354028,-0.7399221103645977,-2.7457477256354057,82000
-1.6110414599999994,-1.6978585800000001,-1.6846060999999992,-1.53380732,-1.8562343200000007,-2.0117971400000005,-1.7982120400000006,-1.6678879999999972,-1.712782020000002,-1.9996426599999995,-1.7573869640000006,1.0107556485953222,-0.7466313154046782,-2.7681426125953252,82100
-1.5887149999999994,-1.68887366,-1.657606499999999,-1.5453850199999999,-1.8440708800000007,-2.0323544000000004,-1.8391286200000005,-1.6894865799999974,-1.670178640000002,-2.0098708999999997,-1.7565670200000005,1.0086997249915721,-0.7478672950084282,-2.7652667449915755,82200
-1.6138825399999994,-1.6835875000000002,-1.7209501999999992,-1.5792147400000003,-1.7721407400000007,-1.9953570400000005,-1.8711526600000006,-1.7085985199999973,-1.653900160000002,-1.9752949999999996,-1.7574079100000004,1.001809103308017,-0.7555988066919835,-2.75921701330802,82300
-1.627167119999999,-1.6803196200000001,-1.7290248199999991,-1.57206112,-1.7803752000000006,-2.0009971800000006,-1.8823826400000008,-1.6803086599999975,-1.6376245400000018,-1.9832289399999994,-1.7573489840000005,1.002429486902246,-0.7549194970977543,-2.7597784709022495,82400
-1.6300035799999992,-1.6660560000000004,-1.7327745199999989,-1.5678057800000003,-1.7509308800000005,-1.9748216600000006,-1.8664117000000007,-1.6913522599999977,-1.6429483600000017,-2.023071919999999,-1.7546176660000004,1.0042315080363495,-0.7503861579636509,-2.7588491740363525,82500
-1.6141202199999993,-1.7082201800000005,-1.783210959999999,-1.5737234,-1.7261324200000008,-2.0639668600000003,-1.858101460000001,-1.7387956199999977,-1.6372427000000018,-2.0418280799999993,-1.7745341900000005,1.0037272716120542,-0.7708069183879463,-2.778261461612057,82600
-1.5915756799999992,-1.6637174000000003,-1.774623859999999,-1.56989614,-1.7113909000000007,-2.0935334800000005,-1.857722940000001,-1.726307679999998,-1.6340648000000018,-2.0923167399999993,-1.7715149620000006,1.014239791400152,-0.7572751705998485,-2.785754753400155,82700
-1.640118019999999,-1.6811437600000003,-1.767681299999999,-1.6394723399999998,-1.7316071000000006,-2.0669937800000007,-1.8884982800000012,-1.7398855999999978,-1.6417146400000018,-2.1255339799999997,-1.7922648800000005,1.0227875703495608,-0.7694773096504395,-2.8150524503495644,82800
-1.623827959999999,-1.62709896,-1.748635679999999,-1.6260988799999998,-1.7848026600000007,-2.0803253200000005,-1.9106925000000012,-1.7295260199999978,-1.5665290000000018,-2.0772254199999995,-1.7774762400000004,1.0134050072746463,-0.7640712327253538,-2.7908812472746494,82900
-1.639585419999999,-1.6204278200000002,-1.720553619999999,-1.6481085999999998,-1.8003062800000007,-1.9980439000000003,-1.8799026200000015,-1.700203199999998,-1.580663220000002,-2.0627868999999994,-1.7650581580000002,1.0058500793503744,-0.7592080786496258,-2.7709082373503775,83000
-1.672797199999999,-1.5725438200000001,-1.7325697799999988,-1.6139761,-1.7827057200000007,-1.9748278400000003,-1.9033713400000016,-1.715635099999998,-1.5811335800000017,-2.0655246199999997,-1.76150851,1.0021169755330483,-0.7593915344669517,-2.7636254855330513,83100
-1.652392219999999,-1.5299967200000004,-1.740571999999999,-1.5874586199999998,-1.7384045600000007,-1.9127262200000001,-1.8867981800000015,-1.7066079399999978,-1.6006232800000018,-2.0568202399999995,-1.7412399980000002,0.984629534642213,-0.7566104633577873,-2.725869532642216,83200
-1.715056259999999,-1.5039442800000002,-1.7628711199999987,-1.6121925799999999,-1.739747680000001,-1.91053808,-1.8933346400000013,-1.748781319999998,-1.6023106200000017,-2.05974918,-1.7548525760000002,0.995852687424683,-0.7589998885753171,-2.750705263424686,83300
-1.7110346199999988,-1.5338519800000003,-1.7501419799999989,-1.6579687199999997,-1.7469479200000009,-1.9596409,-1.8756959400000013,-1.720896979999998,-1.589534340000002,-2.0429836599999995,-1.7588697039999999,1.0056890175312834,-0.7531806864687166,-2.764558721531287,83400
-1.679410519999999,-1.5195599600000003,-1.7553747999999987,-1.6383968999999998,-1.764921820000001,-1.92801044,-1.8606246400000013,-1.6679819599999979,-1.5665317000000019,-2.0365062199999997,-1.7417318960000001,1.0009316826606989,-0.7408002133393012,-2.7426635786607023,83500
-1.6697482599999989,-1.5295212800000002,-1.7897798199999988,-1.6749022400000002,-1.7635431200000011,-1.84930024,-1.8695680600000015,-1.6630395999999978,-1.552845440000002,-2.01314928,-1.737539734,0.9967364249464457,-0.7408033090535545,-2.734276158946449,83600
-1.6708907799999988,-1.5419216200000003,-1.8061757399999987,-1.7052305800000003,-1.7862360200000011,-1.85859464,-1.8806682000000012,-1.682285619999998,-1.626555400000002,-1.9794127999999998,-1.75379714,1.005412337639386,-0.7483848023606141,-2.759209477639389,83700
-1.6861540799999988,-1.5477635600000001,-1.8412515999999988,-1.6865045200000004,-1.7758533400000014,-1.90673068,-1.8910573400000013,-1.6886999599999981,-1.6373869800000023,-1.9485272999999999,-1.760992936,1.002464437189648,-0.7585284988103521,-2.763457373189651,83800
-1.7044139799999989,-1.5937081000000004,-1.8782044799999988,-1.6978100600000006,-1.7901325600000013,-1.90222428,-1.8926715000000014,-1.7121469599999983,-1.6262700400000023,-1.9381422999999998,-1.773572426,1.0049280960259421,-0.768644329974058,-2.7785005220259453,83900
-1.683041679999999,-1.5987888000000003,-1.8887378599999989,-1.7129309600000004,-1.8533020200000012,-1.8439586600000002,-1.8827500800000012,-1.717187899999998,-1.6206149600000024,-1.94762072,-1.7748933640000002,0.9991542618581328,-0.7757391021418674,-2.7740476258581364,84000
-1.6966595999999987,-1.5736967200000003,-1.879165559999999,-1.7528577800000005,-1.8646962600000012,-1.8309382200000002,-1.9509600400000011,-1.7824870999999982,-1.6364828200000021,-1.93150798,-1.789945208,1.0174886607922036,-0.7724565472077969,-2.8074338687922067,84100
-1.6946620199999987,-1.5637837000000006,-1.894576959999999,-1.7997429600000006,-1.9116720600000014,-1.7942407200000003,-1.894573000000001,-1.7788197599999982,-1.5992517200000023,-1.88345338,-1.7814776280000002,1.0066107542833354,-0.7748668737166651,-2.7880883822833384,84200
-1.6693837999999988,-1.5362999800000003,-1.9175276199999993,-1.8387686200000006,-1.9251457000000014,-1.7875385800000003,-1.9031239600000007,-1.765208919999998,-1.5948148400000022,-1.8719612799999998,-1.78097733,1.0094792743687633,-0.7714980556312371,-2.7904566043687664,84300
-1.6172157799999989,-1.5649063800000003,-1.9689505599999992,-1.9044636600000007,-1.8870251600000014,-1.8048282200000005,-1.9124970400000008,-1.829037039999998,-1.5967726600000023,-1.87564464,-1.796134114,1.0053337696587485,-0.7908003443412517,-2.8014678836587517,84400
-1.6045402199999987,-1.5578398400000004,-2.000586699999999,-1.8615207200000008,-1.8801042200000015,-1.8415675600000005,-1.8839004400000008,-1.831045399999998,-1.6001084000000023,-1.8035550999999999,-1.7864768599999998,1.0077868141957138,-0.7786900458042867,-2.7942636741957165,84500
-1.6490977399999989,-1.5674493200000001,-1.9424274799999992,-1.8703375400000006,-1.9146436600000016,-1.8995040200000006,-1.8303246400000006,-1.841929119999998,-1.5830669600000022,-1.81379148,-1.7912571959999999,1.018424753265763,-0.7728324427342375,-2.809681949265766,84600
-1.638068099999999,-1.57215418,-1.951485979999999,-1.8505418000000007,-1.9020132600000013,-1.9662787000000006,-1.8304983000000004,-1.8320266999999981,-1.6017632600000022,-1.7987899599999997,-1.7943620239999998,1.0276351216222144,-0.766726902377786,-2.8219971456222175,84700
-1.646381539999999,-1.5689245,-1.9786523799999989,-1.8293371400000007,-1.9340865600000012,-1.9772940800000007,-1.8375842200000005,-1.8605755199999983,-1.632804460000002,-1.7586404,-1.8024280799999997,1.0340412761928235,-0.7683868038071769,-2.8364693561928265,84800
-1.6175381599999992,-1.5286002600000002,-1.966080219999999,-1.8976262200000005,-1.936220540000001,-1.9826614000000007,-1.7968831600000004,-1.868268359999998,-1.6453886200000023,-1.7512531199999999,-1.7990520059999997,1.0443725933121055,-0.7546794126878947,-2.843424599312109,84900
-1.6369867599999992,-1.54469822,-1.9677854199999987,-1.8628051400000003,-1.9548185400000009,-1.9652187000000005,-1.8013807800000003,-1.8763725399999982,-1.6247253200000022,-1.7650088599999998,-1.799980028,1.0433890509197887,-0.7565909770802116,-2.843369078919792,85000
-1.6142235599999992,-1.5461357999999998,-1.9444430599999987,-1.8122716600000006,-1.924319000000001,-2.001688960000001,-1.8181149400000003,-1.814260899999998,-1.721517100000002,-1.7616318199999998,-1.7958606799999999,1.0619346023790408,-0.7339260776209593,-2.8577952823790445,85100
-1.6132778799999992,-1.52929388,-1.9962753799999988,-1.810158060000001,-1.942813000000001,-2.029037180000001,-1.8503913600000004,-1.841048519999998,-1.769504060000002,-1.7329285799999996,-1.81147279,1.077896646765455,-0.7335761432345455,-2.8893694367654588,85200
-1.5765664399999992,-1.5204096399999998,-1.966299599999999,-1.7682986000000007,-1.909277600000001,-2.0173584200000008,-1.8635709200000001,-1.870937139999998,-1.7438282800000022,-1.7004999999999995,-1.793704664,1.06846225453531,-0.7252424094646902,-2.862166918535314,85300
-1.5700568399999992,-1.4711300999999997,-1.960496859999999,-1.7506944600000005,-1.9277121200000011,-1.9712784600000006,-1.8392629800000002,-1.8735854999999975,-1.7585161200000021,-1.6869684599999997,-1.78097019,1.0604536062114291,-0.720516583788571,-2.8414237962114326,85400
-1.590099399999999,-1.4737309599999997,-1.9364357199999989,-1.7671263400000004,-1.9639886600000012,-1.9676258800000006,-1.8317579800000001,-1.8210950799999974,-1.721802000000002,-1.6666096999999995,-1.7740271719999998,1.049357074789595,-0.724670097210405,-2.823384246789599,85500
-1.624394839999999,-1.4588055599999996,-1.9562870599999989,-1.7895266200000004,-1.969023020000001,-1.8842318600000005,-1.8261863600000003,-1.8248194799999977,-1.716300420000002,-1.6561955599999996,-1.7705770779999996,1.0341522427830672,-0.7364248352169327,-2.8047293207830712,85600
-1.6763881799999991,-1.5497113999999994,-1.9794171199999988,-1.7974858200000003,-1.9294163200000012,-1.8554279600000003,-1.8588701600000002,-1.8544790799999975,-1.753129940000002,-1.6832137399999996,-1.7937539719999995,1.0518668111620935,-0.7418871608379061,-2.8456207831620977,85700
-1.701481319999999,-1.5575270199999993,-2.018982299999999,-1.7841148400000002,-1.9474397400000012,-1.8717438400000004,-1.8423322800000002,-1.8548358399999976,-1.7309997400000021,-1.6474032199999997,-1.7956860139999995,1.0561345089200984,-0.7395515050799014,-2.851820522920103,85800
-1.705940179999999,-1.5592793199999995,-1.989252559999999,-1.7736446400000003,-1.9599314400000012,-1.9054771800000003,-1.87303174,-1.8520268799999977,-1.7782244200000021,-1.6524522799999997,-1.8049260639999993,1.0618655365540959,-0.7430605274459039,-2.8667916005541003,85900
-1.7380750599999988,-1.5608868799999993,-2.0357661599999988,-1.8375456800000003,-1.970330100000001,-1.8923746000000004,-1.8444314400000001,-1.8676448599999977,-1.7904187800000022,-1.6567029599999996,-1.8194176519999996,1.0724076194377847,-0.747010032562215,-2.891825271437789,86000
-1.6937360399999986,-1.5373241599999994,-2.016928719999999,-1.8801171200000004,-2.001465160000001,-1.9398170000000001,-1.8259325200000003,-1.9074740999999977,-1.7979424600000022,-1.6409316199999995,-1.8241668899999997,1.0840415909833219,-0.7401252990166779,-2.9082084809833257,86100
-1.6780989999999987,-1.5349379199999993,-2.0161452799999986,-1.8974581000000004,-1.9751798600000006,-1.99213738,-1.8338899200000003,-1.8975981199999976,-1.7957283000000024,-1.6350896399999997,-1.8256263519999996,1.0921085999802138,-0.7335177520197859,-2.917734951980218,86200
-1.6587239399999987,-1.5037390399999992,-2.033786039999999,-1.9408569200000003,-1.9396243400000006,-2.0089832000000003,-1.9201062400000004,-1.9100907399999978,-1.7682247400000022,-1.6367680599999994,-1.8320903259999997,1.1039750357128448,-0.7281152902871548,-2.936065361712849,86300
-1.6392977199999987,-1.3982680599999995,-1.972823819999999,-1.9806521800000005,-1.9514251000000005,-1.9942684000000002,-1.9169406800000002,-1.9047427799999976,-1.8059639600000024,-1.6832140399999995,-1.8247596739999998,1.0936382935151938,-0.7311213804848058,-2.918397967515198,86400
-1.6005327999999985,-1.3927636599999997,-1.968773139999999,-2.00842138,-1.9538793000000008,-2.07884438,-1.9253915600000002,-1.8691631399999977,-1.7902451400000023,-1.6747758999999993,-1.8262790399999997,1.1089627634792576,-0.7173162765207418,-2.935241803479262,86500
-1.6098470199999986,-1.3966042599999997,-1.941049359999999,-2.0357309600000004,-1.9597147400000008,-2.07024242,-1.9345926199999999,-1.8166474399999977,-1.7818119400000023,-1.6550055399999994,-1.8201246299999996,1.1027949790136633,-0.7173296509863362,-2.9229196090136673,86600
-1.5659283999999984,-1.4181141799999997,-1.9425814999999989,-2.0340953200000005,-1.947047420000001,-2.1007211600000004,-1.92922206,-1.8234239199999975,-1.7669937400000024,-1.5934102799999994,-1.8121537979999998,1.0858986862908766,-0.7262551117091227,-2.8980524842908806,86700
-1.5710633799999985,-1.4367153599999998,-1.957312519999999,-2.0858136400000005,-1.940074200000001,-2.14899946,-1.9274265200000003,-1.7907945999999975,-1.7814776200000022,-1.6259489599999992,-1.8265626259999996,1.0845532232661608,-0.7420094027338386,-2.9111158492661646,86800
-1.5675793399999987,-1.4413813799999997,-1.9193510199999992,-2.0687665600000003,-1.9238272800000014,-2.0978598400000004,-1.9307397,-1.7690479799999974,-1.7956091600000021,-1.6253339599999992,-1.8139496219999995,1.0720989837429082,-0.7418506382570911,-2.886048605742912,86900
-1.5774550799999987,-1.4526882399999996,-1.9224933599999992,-2.0700435200000005,-1.9014146200000013,-2.1505277800000004,-1.88436668,-1.7475474399999973,-1.7572212200000021,-1.6588674599999993,-1.8122625399999996,1.0674998018913373,-0.744762738108662,-2.8797623418913414,87000
-1.5834127599999988,-1.4724313999999996,-1.8803286799999992,-2.0861052600000005,-1.8067696200000014,-2.1154408600000005,-1.84074292,-1.7354563799999974,-1.7426645600000021,-1.6321288999999992,-1.7895481339999995,1.0507796946096573,-0.7387684393903419,-2.840327828609661,87100
-1.6193362199999988,-1.4987018799999996,-1.9256528999999991,-2.1005932600000006,-1.7599043200000013,-2.1042546400000006,-1.8311504200000002,-1.7089337199999972,-1.7386630600000017,-1.6307138399999994,-1.7917904259999997,1.0548130885190783,-0.7369773374809208,-2.846603514519082,87200
-1.6719924199999985,-1.5200443399999994,-1.875874559999999,-2.0752028600000005,-1.7630836600000015,-2.1246311000000007,-1.87558478,-1.746725419999997,-1.7354153200000015,-1.6108902199999995,-1.7999444679999999,1.0650303752543124,-0.7349140927456865,-2.8649748432543163,87300
-1.6677555999999987,-1.5287451799999994,-1.8677932199999991,-2.0875132400000003,-1.7528994400000015,-2.1132990000000005,-1.90333572,-1.765071479999997,-1.7674942600000016,-1.6088646399999995,-1.8062771779999998,1.0689093638302618,-0.7373678141697373,-2.875186541830266,87400
-1.6683773399999986,-1.5258499599999993,-1.9061825399999992,-2.08221346,-1.7685435600000017,-2.13031058,-1.9146842000000002,-1.8126476399999967,-1.7774341200000017,-1.5586493199999996,-1.8144892719999999,1.07892344369395,-0.7355658283060488,-2.893412715693954,87500
-1.6183395399999987,-1.482105119999999,-1.8503059599999994,-2.1086451600000005,-1.7638823800000014,-2.0519070800000003,-1.9012651,-1.7777291399999968,-1.7680510800000016,-1.5431517999999997,-1.7865382359999997,1.069727502918841,-0.7168107330811578,-2.856265738918845,87600
-1.6218830799999986,-1.470772879999999,-1.8688431999999995,-2.078824800000001,-1.7943395000000013,-2.0407162600000004,-1.8928860799999998,-1.8142636799999965,-1.8024864800000018,-1.4568533799999996,-1.784186934,1.0640306926979661,-0.7201562413020328,-2.84821762669797,87700
-1.6080495799999988,-1.448658059999999,-1.8607043399999994,-2.020936620000001,-1.7640915600000013,-2.0561042600000006,-1.8605256999999997,-1.8033632599999965,-1.8221728000000015,-1.4305537999999995,-1.7675159979999997,1.0561898954261313,-0.7113261025738677,-2.8237058934261348,87800
-1.5920851999999988,-1.5401213399999991,-1.8392871799999995,-2.028611240000001,-1.7222379400000014,-2.0563690200000004,-1.8253033199999995,-1.8276983599999965,-1.8102595600000015,-1.4480437199999998,-1.769001688,1.0652737999766282,-0.7037278880233709,-2.834275487976632,87900
-1.5612392799999986,-1.584999359999999,-1.8636494999999997,-2.0126101000000007,-1.6794357200000014,-2.0971500800000005,-1.7829291999999994,-1.8727037599999965,-1.8045963400000016,-1.4458841599999996,-1.7705197499999996,1.0685613486995247,-0.7019584013004745,-2.8390810986995287,88000
-1.5635189199999986,-1.6025439999999989,-1.9049152599999997,-1.999665860000001,-1.6867182000000014,-2.1036260000000007,-1.7705004799999995,-1.8540576399999964,-1.8422230200000016,-1.4006986399999997,-1.7728468019999997,1.0745341484011361,-0.6983126535988629,-2.8473809504011403,88100
-1.5680789999999984,-1.6144821599999988,-1.9126665999999997,-2.055302460000001,-1.6761444000000014,-2.0677983200000005,-1.8162392799999996,-1.8576094199999966,-1.8321217800000014,-1.4285986799999997,-1.7829042099999999,1.0858823169503709,-0.6970218930496282,-2.868786526950375,88200
-1.4932784199999984,-1.6821776999999989,-1.93839714,-2.013706520000001,-1.6363188800000015,-2.082402320000001,-1.8633532199999996,-1.8635585599999964,-1.8408637000000012,-1.4072830799999998,-1.7821339539999996,1.0886089208489147,-0.6935250331510846,-2.870742874848919,88300
-1.4961183199999986,-1.6531541199999986,-1.9346764399999998,-1.963941760000001,-1.5706217400000013,-2.079478560000001,-1.8662292599999994,-1.8768356599999965,-1.8672362200000012,-1.3973939399999997,-1.770568602,1.0773507939008997,-0.6932178080990995,-2.847919395900904,88400
-1.5688036399999987,-1.6624963399999988,-2.0328666799999997,-1.964811720000001,-1.5248696800000012,-2.106847500000001,-1.8460068799999996,-1.8637663599999965,-1.8722077400000012,-1.4024433399999996,-1.7845119879999998,1.0960882809099501,-0.6884237070900491,-2.8806002689099546,88500
-1.578992459999999,-1.6770302399999986,-2.01698852,-1.943608340000001,-1.5350852000000013,-2.153020180000001,-1.8732311999999995,-1.8952952999999966,-1.876037740000001,-1.3980419799999992,-1.794733116,1.096695326678798,-0.6980377893212012,-2.891428442678803,88600
-1.627991739999999,-1.6978414799999983,-1.987248,-1.931444040000001,-1.561863020000001,-2.1696017800000007,-1.8883977399999998,-1.8765400399999965,-1.8237132000000011,-1.4023841399999994,-1.7967025179999998,1.0915367318889273,-0.705165786111072,-2.888239249888932,88700
-1.632673859999999,-1.7015631599999983,-1.91033922,-1.9626131600000007,-1.5579086600000007,-2.161064960000001,-1.9023307799999998,-1.9272165399999963,-1.827140480000001,-1.3835493799999994,-1.79664002,1.0929818911572309,-0.7036581288427683,-2.8896219111572354,88800
-1.6232488199999993,-1.6620930999999985,-1.84101834,-1.9968756200000006,-1.5372981600000009,-2.1646856000000008,-1.9181640399999997,-1.9301647799999964,-1.842403360000001,-1.4604610799999995,-1.79764129,1.102252708244017,-0.6953885817559822,-2.8998939982440213,88900
-1.640708679999999,-1.6858034999999985,-1.8477643000000001,-1.9903506600000005,-1.492111160000001,-2.161565420000001,-1.894749,-1.9009002999999964,-1.878487780000001,-1.4373509999999994,-1.79297918,1.0999838578262753,-0.6929953221737237,-2.89296303782628,89000
-1.6212969199999991,-1.6888428999999983,-1.8715121199999998,-1.9302986400000006,-1.5298698400000008,-2.1843914200000007,-1.8784169800000001,-1.8390758599999963,-1.8793330000000008,-1.4167310999999991,-1.783976878,1.0967270724680769,-0.687249805531922,-2.880703950468081,89100
-1.603824439999999,-1.691320099999998,-1.8532187599999999,-1.9062899800000006,-1.494152460000001,-2.186417220000001,-1.8799304200000002,-1.8510878799999964,-1.8994250400000008,-1.4445099199999993,-1.781017622,1.0946459458264435,-0.6863716761735555,-2.875663567826448,89200
-1.639159019999999,-1.6916444999999982,-1.8276591599999998,-1.8549482400000006,-1.4825699200000009,-2.1783780800000003,-1.8489982000000003,-1.8460016999999964,-1.8989008000000007,-1.4505301599999993,-1.771878978,1.0951635787312848,-0.676715399268714,-2.8670425567312896,89300
-1.650027859999999,-1.735372339999998,-1.8391458999999997,-1.7810661400000003,-1.4458273600000007,-2.1503232600000004,-1.8718467600000006,-1.8277926399999964,-1.9168391400000007,-1.4665166599999993,-1.768475806,1.096617871677925,-0.6718579343220742,-2.865093677677929,89400
-1.650432119999999,-1.7126404399999982,-1.8004293799999997,-1.8174750800000004,-1.4654360600000007,-2.1436921800000004,-1.8661505000000005,-1.7985063199999962,-1.8863924600000006,-1.5484147599999991,-1.7689569300000003,1.1002500368040116,-0.6687068931959874,-2.869206966804016,89500
-1.630366459999999,-1.7164672599999984,-1.7989302399999993,-1.8222431000000006,-1.4186987600000007,-2.0752266,-1.8871138200000006,-1.7489902999999962,-1.9207937400000008,-1.548924839999999,-1.7567755120000002,1.0870473430112926,-0.6697281689887062,-2.843822855011297,89600
-1.677275819999999,-1.7074579999999984,-1.7928465399999995,-1.8264599000000006,-1.4342654400000006,-1.9969239600000004,-1.8737902400000008,-1.7654837199999962,-1.912422440000001,-1.551320959999999,-1.7538247020000002,1.0848237659201638,-0.6690009360798352,-2.838648467920168,89700
-1.685815399999999,-1.7211437799999985,-1.7518404399999996,-1.8866188000000006,-1.3536830600000007,-2.0098179000000003,-1.8730544000000007,-1.7472146599999963,-1.885838380000001,-1.577015779999999,-1.7492042600000002,1.0762640206660123,-0.6729402393339866,-2.825468280666016,89800
-1.700825139999999,-1.7179280799999983,-1.7470763199999997,-1.8394811600000005,-1.360631380000001,-1.9694851000000002,-1.8871066800000005,-1.7626437599999962,-1.885107560000001,-1.556538339999999,-1.742682352,1.0719092165362223,-0.6707731354637768,-2.8145915685362257,89900
-1.693844499999999,-1.7091531399999982,-1.7694836399999998,-1.9092810200000008,-1.349203360000001,-1.9602729600000004,-1.9277435200000006,-1.7716949399999962,-1.873072020000001,-1.5065417799999992,-1.7470290880000001,1.0814222746845241,-0.6656068133154749,-2.828451362684528,90000
-1.7274704199999988,-1.7090891399999983,-1.7665830799999998,-1.9317860800000006,-1.3640375800000009,-1.8743224400000003,-1.9307410800000004,-1.771556059999996,-1.8060384000000012,-1.4715268199999991,-1.7353151100000002,1.0625987569446513,-0.6727163530553476,-2.7979138669446555,90100
-1.7394642399999987,-1.7013704999999986,-1.7138841999999996,-1.9361862800000003,-1.3671260200000008,-1.8549485000000001,-1.8998458400000007,-1.767051119999996,-1.761339080000001,-1.4739369399999993,-1.7215152720000004,1.048227398956208,-0.6732878730437909,-2.769742670956212,90200
-1.7902463999999987,-1.7650057199999987,-1.7398284399999995,-1.9069323800000004,-1.427646420000001,-1.8522300600000003,-1.887534640000001,-1.7497714999999963,-1.784234260000001,-1.5186640599999992,-1.7422093880000002,1.0602821834613048,-0.6819272045386943,-2.802491571461309,90300
-1.7484565199999986,-1.7744704599999985,-1.7316297199999995,-1.9227411600000004,-1.4590250600000008,-1.8711524800000003,-1.891278420000001,-1.7835241999999962,-1.8173842800000009,-1.502452399999999,-1.7502114700000004,1.0725952841591002,-0.6776161858408989,-2.8228067541591044,90400
-1.7827672399999985,-1.7974195999999987,-1.8112674799999993,-1.9250284800000006,-1.4224410800000007,-1.8257143800000006,-1.863609200000001,-1.7828609199999963,-1.7926379000000008,-1.5076920599999992,-1.7511438340000003,1.086191600972037,-0.6649522330279624,-2.837335434972041,90500
-1.7665835599999986,-1.8299537399999988,-1.8149274199999994,-1.8840973000000008,-1.4432850800000006,-1.8531567800000004,-1.859310640000001,-1.8057028799999963,-1.828843620000001,-1.4952335599999993,-1.7581094580000005,1.0881330012537975,-0.6699764567462019,-2.8462424592538014,90600
-1.7024884199999986,-1.7780055599999989,-1.7941937799999994,-1.8782437600000008,-1.4492467200000008,-1.9286613600000004,-1.8384452000000011,-1.7940067799999964,-1.7976493400000009,-1.4919966999999994,-1.7452937620000006,1.0811937936811542,-0.6640999683188453,-2.826487555681158,90700
-1.6937619199999987,-1.8108223399999988,-1.7398587199999995,-1.887147740000001,-1.4677294800000007,-1.8842418000000003,-1.851087500000001,-1.7730952399999964,-1.802184980000001,-1.5393676999999995,-1.7449297420000007,1.0804974833553038,-0.6644322586446956,-2.825427225355307,90800
-1.6983285799999985,-1.801336099999999,-1.7518744799999992,-1.885751600000001,-1.4349793800000006,-1.8658216000000005,-1.832135380000001,-1.7526316399999964,-1.7452071400000009,-1.5216913199999993,-1.7289757220000006,1.0759368772066906,-0.6530388447933088,-2.8049125992066943,90900
-1.7235081199999984,-1.830542159999999,-1.7003027199999994,-1.8502938400000009,-1.4494222800000005,-1.8525138200000006,-1.8476560000000009,-1.7844897999999965,-1.7572378800000008,-1.5348824199999995,-1.7330849040000007,1.071175136218461,-0.6619097677815384,-2.8042600402184648,91000
-1.7733440999999985,-1.885953579999999,-1.7458105399999997,-1.8756661600000006,-1.4033344000000005,-1.8305850600000004,-1.846037640000001,-1.7514632399999963,-1.7580357600000007,-1.6260006599999997,-1.7496231140000007,1.0723505893859522,-0.6772725246140471,-2.821973703385956,91100
-1.7831016999999982,-1.9149198799999991,-1.79470242,-1.8526326600000007,-1.4463153400000004,-1.8276336800000008,-1.790853680000001,-1.7670683999999963,-1.7832450600000007,-1.6424957399999998,-1.7602968560000007,1.0701467695321005,-0.6901500864678987,-2.830443625532104,91200
-1.8493039999999983,-1.927510959999999,-1.7709164599999996,-1.8117504400000006,-1.4455512600000007,-1.8074197600000008,-1.684473280000001,-1.7164083999999962,-1.7778393000000006,-1.6562891599999998,-1.7447463020000007,1.0660943887668362,-0.678651913233163,-2.81084069076684,91300
-1.8410692799999981,-1.984397119999999,-1.7976544199999995,-1.7701222200000006,-1.4710747400000006,-1.8355256800000006,-1.7141968600000013,-1.7329527399999964,-1.7449623000000005,-1.6595712999999999,-1.7551526660000005,1.0626787968284943,-0.6924738691715049,-2.817831462828498,91400
-1.8377748199999981,-2.003520879999999,-1.8356287199999994,-1.7670506600000007,-1.4654572000000003,-1.7664340000000007,-1.760092680000001,-1.7211688399999963,-1.8015182800000005,-1.6909678799999996,-1.7649613960000006,1.0528306508738086,-0.7121307451261909,-2.8177920468738127,91500
-1.8771125799999984,-2.009582779999999,-1.8851506999999996,-1.7706980400000005,-1.4697446000000003,-1.8183496200000007,-1.7201881600000013,-1.7682394199999965,-1.8074405400000004,-1.7064645599999997,-1.7832971000000004,1.0657611976071215,-0.717535902392878,-2.8490582976071255,91600
-1.8886215599999985,-2.020105139999999,-1.9097568399999998,-1.7860000400000007,-1.48181676,-1.7794140000000007,-1.7977678600000013,-1.7837896799999964,-1.8426557600000004,-1.7382605199999999,-1.8028188160000005,1.0803834948794653,-0.7224353211205343,-2.883202310879469,91700
-1.8766439599999987,-2.0749862599999993,-1.91058826,-1.7527550800000007,-1.4789159,-1.772778280000001,-1.7631688400000014,-1.7841965399999964,-1.8237208200000004,-1.7158277399999997,-1.7953581680000006,1.0865273372142528,-0.7088308307857467,-2.8818855052142567,91800
-1.8656748799999985,-2.067995599999999,-1.9292241199999998,-1.7471441200000006,-1.4777200199999998,-1.7304072200000007,-1.7899112200000014,-1.7976647399999965,-1.7837418600000001,-1.7339169199999998,-1.7923400700000005,1.0909107131187838,-0.7014293568812158,-2.883250783118788,91900
-1.8278187799999983,-2.077446079999999,-1.9306386599999996,-1.7454294400000006,-1.4914018199999999,-1.7154905800000007,-1.7958657400000013,-1.8286212599999965,-1.80690088,-1.6995858599999998,-1.7919199100000005,1.088866244377588,-0.7030536656224115,-2.880786154377592,92000
-1.8087517199999983,-2.027348179999999,-1.9481444199999995,-1.7377629000000006,-1.48165972,-1.7230772600000006,-1.7971405400000011,-1.8158189399999964,-1.8098348000000002,-1.7453534199999996,-1.7894891900000005,1.0905965588537159,-0.6988926311462836,-2.88008574885372,92100
-1.8233793599999981,-2.0194454599999987,-1.9350887599999995,-1.7730340200000003,-1.4916185399999997,-1.7117144600000005,-1.770809120000001,-1.8151586399999966,-1.8155802000000003,-1.7432567399999994,-1.7899085300000004,1.0968756783502913,-0.6930328516497082,-2.886784208350296,92200
-1.7747947199999983,-1.985667259999999,-1.9527773399999995,-1.76342382,-1.5284915,-1.7244191800000004,-1.7140420400000012,-1.7649718199999966,-1.8131617600000005,-1.7477626199999992,-1.7769512060000003,1.0810486572116704,-0.6959025487883291,-2.8579998632116754,92300
-1.7961260799999983,-1.977991199999999,-1.9650621199999996,-1.7304308800000003,-1.5222005599999997,-1.7556797400000006,-1.6664031600000009,-1.7824502999999967,-1.7710883200000003,-1.7509379399999991,-1.7718370300000004,1.0837238638066766,-0.6881131661933227,-2.855560893806681,92400
-1.8075412199999983,-1.988513119999999,-1.9641313799999995,-1.7130638800000006,-1.5071338999999997,-1.7532840800000005,-1.629358240000001,-1.7300268999999968,-1.7538287400000003,-1.7830379599999993,-1.7629919420000002,1.07526226574123,-0.6877296762587695,-2.838254207741235,92500
-1.8307685199999983,-2.014714119999999,-1.9786422599999995,-1.6827487600000004,-1.5156421,-1.7608259000000006,-1.6000020600000011,-1.7429489799999969,-1.7823707000000004,-1.7845905599999992,-1.7693253960000002,1.068938503391033,-0.7003868926089666,-2.8382638993910376,92600
-1.8997104199999983,-2.062174919999999,-1.9401431399999995,-1.6780084800000004,-1.5128771200000002,-1.7411025200000005,-1.5832721000000012,-1.7261471399999968,-1.7480431200000004,-1.8814196199999993,-1.777289858,1.0775084822701764,-0.6997813757298232,-2.854798340270181,92700
-1.8727648999999982,-2.0714766999999994,-1.9716046799999996,-1.6827030200000002,-1.5420757800000002,-1.7067019400000003,-1.5957490000000012,-1.7199850399999967,-1.7832659200000003,-1.8725256999999993,-1.7818852680000001,1.0772754555910153,-0.7046098124089839,-2.85916072359102,92800
-1.890211919999998,-1.973869019999999,-1.9533055599999996,-1.6977075400000003,-1.56470748,-1.6934658800000002,-1.6688459800000013,-1.669297639999997,-1.8030709800000002,-1.9087613399999992,-1.7823243340000001,1.0703165285827432,-0.712007805417256,-2.852640862582748,92900
-1.9199384599999982,-1.8943770199999992,-1.9459471999999993,-1.6938803200000003,-1.59735968,-1.6443577000000003,-1.6668285000000012,-1.6641078999999968,-1.76917968,-1.9506315399999994,-1.7746608000000004,1.0637107533681966,-0.7109500466318025,-2.8383715533682015,93000
-1.9186136799999982,-1.8885458399999993,-1.8790938199999994,-1.7129264600000005,-1.59485164,-1.63761872,-1.6619630400000012,-1.728835339999997,-1.80700374,-1.9714052399999995,-1.7800857520000002,1.0620618272248747,-0.7180239247751242,-2.8421475792248794,93100
-1.9485617999999982,-1.9189561199999994,-1.8520004599999993,-1.6715382800000003,-1.63910136,-1.6895764800000002,-1.6329391000000013,-1.7474645999999967,-1.8230273600000002,-1.9454462399999994,-1.7868611800000003,1.05747809889518,-0.7293830811048191,-2.8443392788951845,93200
-1.9718388599999983,-1.8623806999999997,-1.822722819999999,-1.6767279600000002,-1.64726814,-1.69079128,-1.5998078600000012,-1.725379619999997,-1.8241189800000002,-1.9691693999999993,-1.7790205620000004,1.0404409255630338,-0.7385796364369652,-2.819461487563038,93300
-1.9691706599999983,-1.8456458399999998,-1.868087239999999,-1.6926722800000003,-1.6576902000000002,-1.6890861799999999,-1.6086554000000013,-1.7574411799999967,-1.8106144,-1.9322369999999993,-1.7831300380000001,1.0424838599231467,-0.7406461780768521,-2.8256138979231507,93400
-1.8761942999999985,-1.8461438999999995,-1.819766699999999,-1.72015946,-1.67154202,-1.7038310799999998,-1.6119209400000012,-1.7458620399999967,-1.7861806000000002,-1.9144222799999995,-1.7696023320000003,1.02714737816623,-0.7424549538337692,-2.7967497101662335,93500
-1.8404869599999985,-1.8042195399999996,-1.8330094999999988,-1.6855814600000003,-1.63093356,-1.65945188,-1.5951797600000008,-1.7267586799999968,-1.7815776800000003,-1.9360626799999994,-1.7493261700000002,1.0241916446928723,-0.7251345253071269,-2.773517814692876,93600
-1.8198312199999984,-1.7804442199999997,-1.824650319999999,-1.6751351200000002,-1.57720574,-1.6264958200000001,-1.6126950800000008,-1.7406002999999968,-1.8064435600000004,-1.9467993199999993,-1.74103007,1.0222823841489466,-0.7187476858510525,-2.7633124541489495,93700
-1.8033300799999983,-1.7901848599999997,-1.8307484199999988,-1.6103650200000001,-1.5494560800000001,-1.6303854600000003,-1.5970224200000007,-1.6655985999999967,-1.8067270800000004,-1.9597537599999992,-1.7243571780000002,1.0135173004157847,-0.7108398775842143,-2.737874478415788,93800
-1.8022167599999983,-1.7950157999999996,-1.8781868199999985,-1.5854141000000002,-1.5953639400000004,-1.6191459000000001,-1.6146491800000007,-1.6510839999999964,-1.7700134600000004,-1.9076880399999994,-1.7218778000000001,0.9992941763811083,-0.7225836236188907,-2.721171976381112,93900
-1.8234648599999983,-1.7721272399999994,-1.8818616199999985,-1.6419995600000001,-1.6046999600000005,-1.62102948,-1.6541190800000007,-1.6751822599999966,-1.7265434400000004,-1.9216458399999994,-1.732267334,0.9957506787267454,-0.7365166552732536,-2.7280180127267486,94000
-1.8327713599999982,-1.7747830999999996,-1.8773704599999985,-1.6775619200000003,-1.5580096800000005,-1.6105131999999998,-1.6112942200000007,-1.7023952999999965,-1.6971920800000004,-1.9687932999999995,-1.7310684619999999,0.9844378929083724,-0.7466305690916266,-2.715506354908376,94100
-1.839743519999998,-1.7560672999999998,-1.9101017999999987,-1.70689766,-1.5676456600000004,-1.61151944,-1.6049986800000005,-1.6848373199999966,-1.7169107200000004,-1.9442743799999993,-1.734299648,0.985837717821995,-0.7484619301780039,-2.7201373658219983,94200
-1.811379879999998,-1.7867345999999997,-1.9082058199999985,-1.7157349800000004,-1.6001566200000001,-1.59183086,-1.6841083000000006,-1.6957271599999963,-1.6959505400000003,-1.9614911399999995,-1.74513199,0.9960087218725217,-0.7491232681274773,-2.7411407118725246,94300
-1.825106619999998,-1.72266506,-1.9048326999999987,-1.7143624600000005,-1.5982501000000002,-1.6134900200000002,-1.6425375400000004,-1.7056026999999963,-1.6754133200000003,-1.9287577599999994,-1.7331018279999997,0.9939846270348834,-0.7391172009651155,-2.7270864550348866,94400
-1.846362339999998,-1.716144,-1.8883707599999988,-1.7147962400000003,-1.6650030800000002,-1.6120367000000002,-1.6644576200000003,-1.7168745599999966,-1.6745077000000004,-1.8799754799999995,-1.7378528479999997,0.9953749348843388,-0.74247791311566,-2.733227782884342,94500
-1.820956079999998,-1.71737072,-1.8948359199999991,-1.7115607600000002,-1.6918064000000002,-1.5926872600000002,-1.6624598200000003,-1.7345526799999968,-1.6418881,-1.8977658999999993,-1.736588364,0.9901700878854851,-0.7464182761145137,-2.726758451885488,94600
-1.7940358999999981,-1.74090228,-1.8580100799999988,-1.73594288,-1.6696005200000001,-1.62859036,-1.6468527600000005,-1.7191965399999969,-1.6329141600000003,-1.9256589999999993,-1.7351704479999999,0.9891854546390455,-0.7459849933609533,-2.724355902639049,94700
-1.8011554799999983,-1.7180923799999999,-1.8405302999999988,-1.6962256400000002,-1.6631904400000002,-1.6011795600000003,-1.6356533000000004,-1.694296019999997,-1.6479893,-1.9247885399999993,-1.722310096,0.9870107065846154,-0.7352993894153833,-2.709320802584619,94800
-1.7983111999999983,-1.7920285999999999,-1.8755020399999989,-1.68106516,-1.6473352200000002,-1.67794184,-1.6330044000000004,-1.646502559999997,-1.65988406,-1.9185715399999992,-1.733014662,0.994012517188005,-0.739002144811994,-2.727027179188008,94900
-1.8075794599999981,-1.7828537199999999,-1.8756096799999988,-1.5978752600000001,-1.65049934,-1.69590296,-1.6128721400000006,-1.6485166399999969,-1.73195148,-1.973904799999999,-1.737756548,0.9934720046483629,-0.7442845433516361,-2.7312285526483664,95000
-1.7899580599999982,-1.7933331599999998,-1.909947839999999,-1.5980046800000003,-1.6461142000000002,-1.7391500399999997,-1.6089788400000007,-1.6330564199999968,-1.6933580000000001,-1.973385979999999,-1.7385287219999999,0.9887549565205537,-0.7497737654794453,-2.7272836785205565,95100
-1.7926983599999984,-1.7952945399999996,-1.9037271599999992,-1.6025434200000004,-1.6310224800000004,-1.8139368999999999,-1.5986659600000004,-1.662699839999997,-1.7571735999999998,-1.9920287599999988,-1.7549791019999998,1.0051374155489896,-0.7498416864510095,-2.7601165175489926,95200
-1.7911079599999982,-1.7690887399999995,-1.9078320599999992,-1.6285088600000004,-1.6003289000000003,-1.8260219999999998,-1.6361479800000003,-1.7349583399999973,-1.7307054,-1.9528378799999988,-1.757753812,0.9991874292666933,-0.7585663827333056,-2.7569412412666967,95300
-1.8418812599999983,-1.7791314599999994,-1.9223109399999994,-1.6316869400000005,-1.5618596600000005,-1.8436226199999999,-1.62188272,-1.7259944799999973,-1.66700548,-1.9556527599999987,-1.7551028319999997,0.9908477072819174,-0.7642551247180817,-2.745950539281921,95400
-1.8082940799999982,-1.7962920599999996,-1.8410157799999993,-1.5937798400000005,-1.5432882400000008,-1.8599543999999997,-1.6360135000000002,-1.7544252399999973,-1.66560462,-1.9494026999999985,-1.7448070459999996,0.978355020975925,-0.7664520250240742,-2.7231620669759287,95500
-1.8221583999999984,-1.8147478399999994,-1.8765384199999995,-1.6260328600000005,-1.5346555600000011,-1.8181479799999998,-1.6398291200000004,-1.7351587599999974,-1.6844052999999999,-1.9292032199999987,-1.7480877459999997,0.9868807653686296,-0.7612069806313696,-2.734968511368633,95600
-1.8615897799999985,-1.8585817999999994,-1.9001641199999995,-1.6536772200000005,-1.562331820000001,-1.83066592,-1.6031244200000003,-1.7346088399999973,-1.7147204,-1.9530090199999983,-1.7672473339999997,0.9897939475184455,-0.7774533864815535,-2.7570412815184495,95700
-1.8716685799999986,-1.8710989199999994,-1.9117372399999994,-1.6405762400000004,-1.5666880600000008,-1.8321728,-1.6035301800000001,-1.7844844999999971,-1.7281148,-1.9310099599999984,-1.7741081279999995,0.9918881381221726,-0.7822199898778264,-2.7659962661221766,95800
-1.8464444599999985,-1.8538400799999994,-1.9058937999999994,-1.6714092200000001,-1.5836528200000008,-1.8203464399999998,-1.6395981200000003,-1.7960502999999972,-1.74506326,-1.9200375399999985,-1.7782336039999995,1.0015446569320363,-0.7766889470679627,-2.7797782609320403,95900
-1.8059976599999985,-1.8147743799999996,-1.9080646799999994,-1.6507709800000003,-1.618129220000001,-1.8390120199999997,-1.6794925600000006,-1.8056117399999974,-1.72787474,-1.9186613599999984,-1.7768389339999997,0.9994934521057268,-0.7773454818942721,-2.7763323861057305,96000
-1.7776962799999987,-1.7980133999999992,-1.8842572399999993,-1.5935874200000004,-1.648118640000001,-1.8259915999999998,-1.6997291600000002,-1.8298616999999977,-1.70640352,-1.8411125199999985,-1.7604771479999997,0.985427572526432,-0.7750495754735671,-2.7459047205264357,96100
-1.799322519999999,-1.7531425399999991,-1.8667544399999991,-1.6509777000000005,-1.638847040000001,-1.7762761799999998,-1.7170687400000002,-1.8242303399999977,-1.7227182200000002,-1.8223311599999983,-1.7571668879999995,0.9861958344247839,-0.7709710535752151,-2.743362722424788,96200
-1.7394374799999988,-1.7493916199999993,-1.8635830999999994,-1.6908688200000006,-1.6366705400000012,-1.7803826399999998,-1.7282230200000002,-1.8337847199999977,-1.7165313400000002,-1.8394396799999984,-1.7578312959999998,0.978618315993002,-0.7792129800069971,-2.736449611993006,96300
-1.7443144999999987,-1.6934198399999991,-1.8900751399999995,-1.7012960000000004,-1.6007062600000013,-1.8047737199999998,-1.69857814,-1.8562573599999976,-1.7093960200000005,-1.7926056199999985,-1.74914226,0.9808748283655888,-0.7682674316344102,-2.7300170883655928,96400
-1.7578560799999985,-1.695851559999999,-1.8424912799999995,-1.7041887600000003,-1.589788200000001,-1.7859250199999996,-1.70350998,-1.9463163399999974,-1.6650252200000002,-1.7625115599999988,-1.7453463999999996,0.9878860509423367,-0.7574603490576621,-2.7332324509423405,96500
-1.7461851199999985,-1.6977917799999989,-1.8302216199999994,-1.6760072400000003,-1.570480400000001,-1.7285561999999997,-1.76269146,-1.907734379999997,-1.6557084400000002,-1.7911907599999985,-1.7366567399999997,0.9823694847196428,-0.7542872552803559,-2.719026224719647,96600
-1.7278668199999985,-1.7267355599999987,-1.8311364599999993,-1.6901923200000004,-1.580876400000001,-1.7385680199999995,-1.69919802,-1.8833669199999972,-1.6586338,-1.7380427799999987,-1.7274617099999994,0.9747705696467627,-0.7526911403532359,-2.7022322796467666,96700
-1.7789247999999984,-1.7044249599999985,-1.8513415599999994,-1.6818454000000005,-1.601431540000001,-1.7567465599999994,-1.7225196400000002,-1.8953796599999972,-1.67123872,-1.7296063799999988,-1.7393459219999994,0.9708139838702445,-0.7685319381297542,-2.7101599058702486,96800
-1.8118265399999984,-1.7350064599999988,-1.8173410999999993,-1.6788073000000006,-1.615169420000001,-1.7878425399999995,-1.7273127800000003,-1.8871358199999972,-1.6761064,-1.7317609399999987,-1.7468309299999993,0.9641384916915895,-0.7826924383084091,-2.7109694216915936,96900
-1.8115232999999986,-1.7286753999999989,-1.8351501199999993,-1.6583439800000006,-1.570899140000001,-1.7894027799999994,-1.7101186600000002,-1.8532551599999973,-1.6512396600000003,-1.7313805399999986,-1.7339988739999992,0.967012712583114,-0.7669861614168845,-2.7010115865831184,97000
-1.8656062599999987,-1.7688644799999986,-1.8531712199999992,-1.6448407400000005,-1.595623600000001,-1.8080397199999994,-1.7109032400000004,-1.9120025199999975,-1.64913462,-1.6794906199999988,-1.7487677019999992,0.9711849882152531,-0.7775827137847456,-2.719952690215257,97100
-1.8512982199999988,-1.7553659199999987,-1.8518311999999995,-1.5688806800000006,-1.592890340000001,-1.7997448399999993,-1.7448279600000007,-1.9503848599999976,-1.6457387200000002,-1.6680623199999989,-1.7429025059999992,0.9640007998133048,-0.778901706186694,-2.7069033058133085,97200
-1.8607711599999988,-1.7861795799999984,-1.8747137999999994,-1.6475616600000007,-1.5685263200000008,-1.7773795399999994,-1.7430284600000008,-1.9520082999999975,-1.6421713800000004,-1.676243959999999,-1.7528584159999994,0.9720512493981528,-0.7808071666018459,-2.7249096653981564,97300
-1.8081264199999987,-1.8311235799999985,-1.8679231799999996,-1.7007385000000006,-1.577967740000001,-1.7598321799999994,-1.7692165200000007,-1.9164458199999976,-1.6424205800000005,-1.649469459999999,-1.7523263979999992,0.9727669714108852,-0.7795594265891136,-2.7250933694108888,97400
-1.8484495599999986,-1.8398668399999984,-1.8617562199999997,-1.7242974600000005,-1.5781626400000008,-1.7427402999999992,-1.7894530400000008,-1.9072712199999975,-1.6354544000000004,-1.6295453999999991,-1.7556997079999994,0.9774505060055567,-0.7782492019944419,-2.73315021400556,97500
-1.8809729999999985,-1.8099547199999986,-1.8525995199999996,-1.7385062400000006,-1.5873253600000006,-1.738824099999999,-1.827888740000001,-1.9301303799999976,-1.6294020200000006,-1.657633279999999,-1.7653237359999994,0.9887650462468204,-0.7765586897531782,-2.7540887822468236,97600
-1.8137166799999982,-1.7606688599999987,-1.8525161799999998,-1.7584357000000008,-1.5764267600000006,-1.7367991199999993,-1.828093460000001,-1.9184196199999977,-1.6460062000000004,-1.5947452199999992,-1.7485827799999993,0.9667406487384785,-0.78184213126152,-2.7153234287384818,97700
-1.8045053599999983,-1.7557426599999986,-1.85436582,-1.7758412600000009,-1.5358727600000006,-1.7535422999999992,-1.8208346600000007,-1.9294247399999978,-1.5862479200000008,-1.6436222999999992,-1.7459999779999993,0.9688409431312935,-0.7771590348687052,-2.7148409211312967,97800
-1.8337096199999985,-1.8168917999999987,-1.8716054199999999,-1.7563271400000007,-1.5314370200000005,-1.7550309399999993,-1.7504571800000008,-1.951319259999998,-1.5623654200000008,-1.6165005799999994,-1.744564437999999,0.9660185716427712,-0.7785458663572274,-2.7105830096427748,97900
-1.8003362199999984,-1.847270459999999,-1.86772576,-1.7479654200000008,-1.5079589400000006,-1.8021453599999993,-1.740490560000001,-1.943394979999998,-1.594649640000001,-1.5807095999999994,-1.743264693999999,0.9632716597706014,-0.7799930342293974,-2.7065363537706046,98000
-1.7903488599999984,-1.8434035199999987,-1.92794592,-1.7212307800000008,-1.4988218400000006,-1.8714375799999994,-1.743734720000001,-1.9136358999999983,-1.580062660000001,-1.5850639599999992,-1.747568573999999,0.9690682057144059,-0.7785003682855929,-2.7166367797144098,98100
-1.7616430399999985,-1.8573958399999986,-1.96272742,-1.7461530600000008,-1.4832578800000005,-1.8551924999999994,-1.745300780000001,-1.889654779999998,-1.6112495600000012,-1.584415839999999,-1.7496990699999992,0.9718424900789655,-0.7778565799210333,-2.7215415600789696,98200
-1.7641695999999985,-1.8628223399999984,-1.94979304,-1.745770540000001,-1.4934117800000004,-1.8915002999999992,-1.729046380000001,-1.906424339999998,-1.577375780000001,-1.634620659999999,-1.7554934759999992,0.9824353006724593,-0.7730581753275395,-2.737928776672464,98300
-1.7583249599999982,-1.8771212799999986,-1.9712893400000002,-1.723135240000001,-1.5063979000000003,-1.8716215999999992,-1.758541120000001,-1.8915817799999983,-1.571625280000001,-1.6295806399999992,-1.7559219139999993,0.9848541982154008,-0.771067715784598,-2.7407761122154057,98400
-1.764480659999998,-1.8434155599999986,-1.93754756,-1.698293860000001,-1.4890996800000005,-1.8523566999999992,-1.7579397000000012,-1.8864746999999982,-1.6462063400000009,-1.616149019999999,-1.7491963779999993,0.988678545987682,-0.7605178320123167,-2.737874923987687,98500
-1.7661116999999982,-1.8146056199999985,-1.9442984200000004,-1.709660840000001,-1.5121835800000005,-1.883195359999999,-1.721654160000001,-1.8911974799999982,-1.6207248400000005,-1.6054282599999994,-1.7469060259999991,0.9861884084208259,-0.7607176175791728,-2.7330944344208308,98600
-1.7534619799999982,-1.8503513399999987,-1.9547394000000002,-1.6831425200000012,-1.5073916400000005,-1.892036679999999,-1.7168962600000008,-1.9235667999999981,-1.6385436000000004,-1.5955969599999995,-1.7515727179999991,0.9937453501035476,-0.757827367896451,-2.7453180681035523,98700
-1.7778363999999982,-1.8548787599999985,-1.93298286,-1.6783562400000014,-1.5051016000000004,-1.8513963399999989,-1.720331900000001,-1.9215125799999981,-1.6744669800000005,-1.5872657399999994,-1.750412939999999,1.0018118945511651,-0.7486010454488335,-2.75222483455117,98800
-1.788110119999998,-1.8605376799999984,-1.9081565400000002,-1.6532551200000014,-1.4597799600000005,-1.856692839999999,-1.689467100000001,-1.9092350799999982,-1.6917470000000006,-1.5654435199999994,-1.7382424959999991,0.9984377021516769,-0.7398047938483218,-2.736680198151682,98900
-1.7901234399999981,-1.8411487199999985,-1.8913862600000002,-1.5987372400000015,-1.4428630000000005,-1.855294519999999,-1.643914960000001,-1.895167919999998,-1.6833423200000006,-1.6117325599999994,-1.7253710939999993,1.0048038325685251,-0.7205672614314738,-2.73017492656853,99000
-1.8103435599999984,-1.8461435999999984,-1.8433070200000004,-1.5919086000000016,-1.4684878400000003,-1.865655059999999,-1.689828720000001,-1.883106999999998,-1.6694619000000008,-1.6011835999999995,-1.7269426899999993,1.0107108832864997,-0.7162318067134993,-2.7376535732865044,99100
-1.7891145199999985,-1.8890279399999983,-1.81679954,-1.5508283800000016,-1.4543004800000003,-1.865851079999999,-1.690205520000001,-1.8994333799999978,-1.683325440000001,-1.5824084399999996,-1.722129471999999,1.0147273400633774,-0.7074021319366214,-2.7368568120633823,99200
-1.8007529199999985,-1.8733197799999983,-1.8407331400000002,-1.5935555600000015,-1.4441477200000004,-1.9167135999999991,-1.6363863200000008,-1.894300379999998,-1.6754621400000012,-1.5834441599999998,-1.7258815719999994,1.00432028719628,-0.721561284803719,-2.7302018591962853,99300
-1.7844161999999986,-1.895462759999998,-1.8504690400000001,-1.6028611400000015,-1.4455620200000003,-1.915712399999999,-1.6766489600000007,-1.8422092999999982,-1.717355320000001,-1.6047461799999996,-1.7335443319999992,1.002932649238344,-0.7306116827616549,-2.73647698123835,99400
-1.7944506599999985,-1.8991561799999979,-1.87410972,-1.5802633400000012,-1.3876691600000004,-1.884762899999999,-1.702799060000001,-1.839750399999998,-1.730423460000001,-1.5868289399999997,-1.7280213819999994,0.9874097131523918,-0.7406116688476072,-2.7154310951523972,99500
-1.8000903399999983,-1.895769979999998,-1.9342619200000002,-1.6021254200000012,-1.3568443400000003,-1.937441399999999,-1.7120928400000008,-1.816860979999998,-1.755609960000001,-1.5692958999999995,-1.7380393079999994,0.9987584082208032,-0.739280899779196,-2.7367977162208086,99600
-1.7785848599999983,-1.8714930199999982,-1.9738161600000002,-1.5658988200000012,-1.3649980600000005,-1.897342219999999,-1.7359373200000008,-1.8135197799999978,-1.796255220000001,-1.6169399199999999,-1.7414785379999993,1.0109847099646725,-0.7304938280353267,-2.752463247964678,99700
-1.7947463999999982,-1.890113939999998,-1.9714953199999998,-1.5565159200000014,-1.3878103800000003,-1.8769604399999988,-1.7595439800000008,-1.8242324999999977,-1.792369120000001,-1.6030921200000001,-1.7456880119999991,1.0099582749901714,-0.7357297370098277,-2.755646286990177,99800
-1.8209589399999981,-1.8453664799999983,-1.9310571200000002,-1.5775871000000015,-1.39638268,-1.837314279999999,-1.7627254600000009,-1.8245681199999977,-1.7974560600000011,-1.6108950000000002,-1.740431123999999,0.9980652633330132,-0.742365860666986,-2.738496387333019,99900
-1.8338396799999983,-1.839695439999998,-1.8714935000000004,-1.6073465600000014,-1.3948430200000002,-1.830312659999999,-1.7573328600000009,-1.8516450599999976,-1.7343466800000014,-1.5836786800000002,-1.730453413999999,0.9915729246685108,-0.7388804893314884,-2.722026338668516,100000
-1.8119845199999984,-1.8591990399999982,-1.8456116800000002,-1.6515421600000013,-1.4484600600000002,-1.787257659999999,-1.7117969000000008,-1.8472665199999978,-1.7838389400000012,-1.6066774200000002,-1.7353634899999992,1.0030491237555241,-0.7323143662444751,-2.73841261375553,100100
-1.7954344799999984,-1.9390867199999986,-1.80433488,-1.6341075400000014,-1.4929986,-1.707146859999999,-1.7424020000000007,-1.7692450399999975,-1.7115632800000011,-1.6236424800000002,-1.7219961879999992,1.0022347699797516,-0.7197614180202474,-2.724230957979757,100200
-1.7733455799999984,-1.9396843799999985,-1.7930073800000002,-1.6250946800000015,-1.46516418,-1.673443259999999,-1.7469098600000006,-1.7122378599999977,-1.732812800000001,-1.6166822000000005,-1.707838217999999,0.9974176064984194,-0.7104206115015796,-2.7052558244984244,100300
-1.7598598799999985,-1.9306549999999985,-1.8007864000000005,-1.6326836400000013,-1.4634042999999997,-1.663314199999999,-1.8515280200000006,-1.7048382999999976,-1.771635340000001,-1.6602727200000007,-1.7238977799999988,1.0098055499266665,-0.7140922300733323,-2.7337033299266715,100400
-1.7849324199999987,-1.9239639199999983,-1.8097669000000003,-1.6661765200000014,-1.5035960999999998,-1.650936859999999,-1.8658536600000004,-1.6949247599999975,-1.803636400000001,-1.6564333400000006,-1.7360220879999992,1.0060594877944187,-0.7299626002055803,-2.7420815757944235,100500
-1.7720459799999986,-1.9624742599999982,-1.7350163800000002,-1.666852260000001,-1.4899042399999995,-1.6695060199999991,-1.8611905200000003,-1.6718557799999973,-1.772099740000001,-1.6943987400000007,-1.7295343919999993,1.0093163846780324,-0.7202180073219666,-2.7388507766780372,100600
-1.7853679999999985,-1.8842605399999983,-1.69563836,-1.637707820000001,-1.4673001999999997,-1.577765399999999,-1.8727801200000005,-1.6645138599999973,-1.7523657600000009,-1.6819405600000008,-1.7019640619999992,1.0010510933863983,-0.700912968613601,-2.7030151553864026,100700
-1.7765798599999985,-1.8384113999999983,-1.7043003,-1.6216086200000008,-1.4878197399999997,-1.589298619999999,-1.8694076200000007,-1.605667439999997,-1.7654919400000009,-1.6822835800000007,-1.6940869119999993,0.9982240337050534,-0.6958628782949458,-2.692310945705058,100800
-1.7951395799999985,-1.8235311599999984,-1.7212000600000001,-1.585728280000001,-1.4893407199999995,-1.614893239999999,-1.8652561400000005,-1.6356743799999973,-1.7380941400000005,-1.6848456000000007,-1.6953703299999991,0.9952605936072483,-0.7001097363927511,-2.6906309236072525,100900
-1.7820695199999985,-1.8090290999999983,-1.7027917000000001,-1.6169350800000009,-1.4549694599999996,-1.593195239999999,-1.8550430800000004,-1.5899146999999971,-1.7254645200000007,-1.6669217800000007,-1.679633417999999,0.995505141988145,-0.6841282760118542,-2.6751385599881496,101000
-1.8049443999999986,-1.8293509399999983,-1.6651241200000004,-1.620494820000001,-1.4266663199999994,-1.575232359999999,-1.8301728600000005,-1.569479719999997,-1.7552785200000005,-1.6610668200000007,-1.673781087999999,1.000825303907297,-0.6729557840927022,-2.674606391907302,101100
-1.8169767599999984,-1.8467471399999982,-1.6487555000000003,-1.6005633400000008,-1.4083025399999993,-1.5895956799999993,-1.8336251800000005,-1.5735356599999968,-1.7386462800000004,-1.6619027600000007,-1.671865083999999,0.9948578578602857,-0.6770072261397135,-2.666722941860291,101200
-1.8331674199999983,-1.8522336599999982,-1.6785232200000002,-1.6039026800000007,-1.3989727999999995,-1.5815196599999992,-1.8352556800000004,-1.603422319999997,-1.7323299800000003,-1.6162866800000006,-1.673561409999999,0.9953233048470429,-0.6782381051529563,-2.6688847148470476,101300
-1.8541753799999983,-1.8750386199999982,-1.66858464,-1.608869160000001,-1.4413666399999994,-1.5566435799999994,-1.8999959000000006,-1.5689959399999973,-1.7170738200000002,-1.6100236800000005,-1.6800767359999988,0.9986820804229498,-0.6813946555770494,-2.6787588164229548,101400
-1.8605325399999983,-1.9075333999999984,-1.68158166,-1.559964420000001,-1.4618026799999995,-1.5515039999999996,-1.8454651600000005,-1.4743931199999976,-1.7349543600000001,-1.6196215600000006,-1.669735289999999,0.9922675174079504,-0.6774677725920489,-2.662002807407956,101500
-1.8137434399999983,-1.9040322199999986,-1.66509492,-1.5843963600000008,-1.4753613399999999,-1.5569915799999998,-1.7913546600000003,-1.4485817599999975,-1.7649557999999999,-1.5878244600000004,-1.659233653999999,0.9860360462170705,-0.6731976077829289,-2.6452697002170753,101600
-1.8234268599999985,-1.8573590599999985,-1.63995288,-1.593119100000001,-1.46620976,-1.5476683799999997,-1.8070232600000002,-1.4621248999999978,-1.75186496,-1.6084587600000007,-1.655720791999999,0.9851895062309514,-0.6705312857690481,-2.6409102982309567,101700
-1.7873557199999985,-1.8271296799999988,-1.6231425400000001,-1.579861240000001,-1.4578918199999997,-1.49277796,-1.7911689600000003,-1.4310724199999976,-1.746998,-1.6209407400000007,-1.635833907999999,0.9771844471841331,-0.6586494608158664,-2.613018355184138,101800
-1.7650309199999983,-1.8060526999999988,-1.64324036,-1.5803699000000009,-1.4952904799999995,-1.5238452999999998,-1.7601350400000002,-1.4275307999999975,-1.74411078,-1.5841068400000007,-1.6329713119999991,0.9879098807328883,-0.6450614312671112,-2.620881192732893,101900
-1.7806324599999983,-1.7695559999999986,-1.6302883000000004,-1.596411440000001,-1.4993985599999997,-1.47842636,-1.7606683,-1.4668848599999975,-1.75672262,-1.5676544000000008,-1.630664329999999,0.9854917579052502,-0.6451725720947492,-2.616156087905255,102000
-1.7602026399999984,-1.7939020999999988,-1.61410826,-1.5810925800000009,-1.4999950399999997,-1.43230144,-1.7589890600000002,-1.4285554599999974,-1.73354084,-1.5701637800000008,-1.6172851199999991,0.988355794220105,-0.6289293257798946,-2.605640914220109,102100
-1.776425559999998,-1.789745219999999,-1.6108047200000002,-1.604060440000001,-1.5049797399999998,-1.45834328,-1.73937312,-1.4026503199999973,-1.75222794,-1.602329500000001,-1.624093983999999,0.98527606093747,-0.6388179230625295,-2.609370044937474,102200
-1.798369339999998,-1.771696299999999,-1.5641506800000002,-1.5387054200000008,-1.51327294,-1.45418358,-1.7621942199999998,-1.3811425999999976,-1.7567625199999997,-1.584913160000001,-1.6125390759999991,0.9807768659728714,-0.6317622100271282,-2.593315941972875,102300
-1.793825399999998,-1.7516159399999989,-1.5616745200000002,-1.5057242000000008,-1.4999543199999998,-1.4612459800000002,-1.7442189199999998,-1.4293750799999971,-1.7519149999999997,-1.592996880000001,-1.609254623999999,0.9757510427982501,-0.6335035812017494,-2.5850056667982533,102400
-1.8134690799999982,-1.7303659999999992,-1.5331481000000002,-1.5057846000000006,-1.51461456,-1.4749467800000002,-1.7335597399999998,-1.4630610999999971,-1.7744606799999993,-1.6146110400000009,-1.615802167999999,0.9790550749683276,-0.636747093031672,-2.594857242968331,102500
-1.751367379999998,-1.749701039999999,-1.5279686000000001,-1.4981364200000005,-1.5802750799999998,-1.4986072800000003,-1.7441612199999996,-1.484559499999997,-1.7601990199999995,-1.6063642400000009,-1.620133977999999,0.987569260474644,-0.6325647175253555,-2.607703238474648,102600
-1.7726947999999982,-1.763784259999999,-1.5628338800000001,-1.4937226600000002,-1.5807301199999997,-1.4848145800000003,-1.7286811999999998,-1.518617679999997,-1.7561199799999994,-1.5980024600000007,-1.626000161999999,0.9957890059633361,-0.6302111560366634,-2.6217891679633403,102700
-1.7829789399999982,-1.7615098199999992,-1.5735856000000001,-1.4652006200000003,-1.6260380199999998,-1.4844603200000004,-1.71731776,-1.518862679999997,-1.8141442799999994,-1.5850788600000008,-1.6329176899999993,0.9934627067317743,-0.6394549832682253,-2.6263803967317783,102800
-1.7535805399999982,-1.7385281999999989,-1.5496,-1.47030582,-1.6312445199999999,-1.4795858200000003,-1.7753991400000002,-1.480197799999997,-1.8552730199999994,-1.5577280400000006,-1.6291442899999995,0.9934529443000807,-0.6356913456999189,-2.622597234300085,102900
-1.773844979999998,-1.7661818999999988,-1.5359068800000002,-1.50028504,-1.6608406199999999,-1.4771756600000003,-1.82228692,-1.4708257999999967,-1.824661499999999,-1.6536051000000007,-1.6485614399999997,1.0097103277707682,-0.6388511122292314,-2.6582717677707723,103000
-1.8026925599999981,-1.7868356199999988,-1.5125556400000002,-1.5185565399999998,-1.65011356,-1.4126805600000003,-1.8191469999999998,-1.493307719999997,-1.8039500199999992,-1.6197467600000008,-1.6419585979999995,1.003684029712944,-0.6382745682870556,-2.645642627712948,103100
-1.8282391799999982,-1.7621926999999988,-1.4935694800000001,-1.4858603199999998,-1.62791456,-1.4281760800000003,-1.8226267999999997,-1.5184605799999968,-1.7651768999999993,-1.6662956400000006,-1.6398512239999996,1.000532670040756,-0.6393185539592436,-2.64038389404076,103200
-1.8010274999999982,-1.7853326999999988,-1.5069081,-1.4858809,-1.6218367800000002,-1.4176430800000006,-1.8395709399999998,-1.488062939999997,-1.7696944999999993,-1.6308499200000006,-1.6346807359999997,0.9937174099197638,-0.6409633260802359,-2.628398145919767,103300
-1.8185408999999984,-1.7693633199999987,-1.4701359999999999,-1.5072681799999998,-1.6313362600000003,-1.3956422600000007,-1.8066970599999999,-1.493711459999997,-1.8148112199999995,-1.6587881000000004,-1.6366294759999997,0.9834313407197496,-0.6531981352802503,-2.6200608167197528,103400
-1.8893789399999985,-1.777274119999999,-1.4561554799999998,-1.5373315199999995,-1.6543901600000002,-1.3966815000000006,-1.84857276,-1.5344650399999968,-1.7366305799999995,-1.7043937400000004,-1.6535273839999995,0.9806047182550012,-0.6729226657449986,-2.6341321022550037,103500
-1.9226048799999986,-1.785993359999999,-1.4903168999999996,-1.5551618799999993,-1.6308776,-1.4084522200000003,-1.82850926,-1.526522799999997,-1.7526808399999996,-1.6855958000000004,-1.6586715539999997,0.9904217286341325,-0.6682498253658674,-2.6490932826341353,103600
-1.9536916199999987,-1.7668207399999991,-1.5041464199999997,-1.6381810399999992,-1.6321089599999998,-1.4269513400000005,-1.82156808,-1.4882106799999972,-1.6748174599999996,-1.7152594000000005,-1.6621755739999997,0.9889713800696847,-0.6732041939303153,-2.651146954069688,103700
-1.9520160599999985,-1.7173992999999994,-1.5112205599999995,-1.637128439999999,-1.63210796,-1.4409825800000007,-1.8011312000000002,-1.5309582599999974,-1.6455073199999994,-1.7251153200000005,-1.6593566999999996,0.9826771732690563,-0.6766795267309433,-2.6420338732690594,103800
-1.9715058799999985,-1.7037047199999993,-1.5139996599999999,-1.6969122599999988,-1.6374439199999997,-1.4388793400000008,-1.8315029800000002,-1.5532087399999972,-1.6170820799999996,-1.7417108400000003,-1.6705950419999995,0.9905676037965612,-0.6800274382034387,-2.6611626457965643,103900
-1.9365385799999983,-1.7217685999999992,-1.5440459199999998,-1.7142650799999988,-1.6303411599999997,-1.4496154200000007,-1.8555692400000001,-1.5519588399999973,-1.6557729399999994,-1.6765077800000003,-1.6736383559999997,0.9841042854979216,-0.6895340705020782,-2.657742641497925,104000
-1.9094237599999984,-1.7459900199999994,-1.5805710799999997,-1.7272537199999984,-1.61627332,-1.4259896400000007,-1.8472138200000001,-1.5174253599999974,-1.6763435199999994,-1.6674344400000003,-1.6713918679999997,0.9818004706295587,-0.689591397370441,-2.653192338629562,104100
-1.932514039999998,-1.7106788599999994,-1.6082793199999998,-1.7362557599999986,-1.62453146,-1.4502393200000008,-1.84522848,-1.5238362799999976,-1.6413160399999995,-1.6828475600000004,-1.6755727120000001,0.9735300043225223,-0.7020427076774773,-2.6491027163225254,104200
-1.916703839999998,-1.7242181199999993,-1.6334339599999999,-1.6993070799999983,-1.59677144,-1.4116844000000008,-1.8080531800000004,-1.5557557399999977,-1.6404134599999995,-1.7026289200000004,-1.6688970140000001,0.9830441892506245,-0.6858528247493751,-2.6519412032506273,104300
-1.909466819999998,-1.7081794199999993,-1.5893997599999998,-1.7317610199999984,-1.59717716,-1.3892852400000009,-1.8032132400000003,-1.5796750199999976,-1.6615717599999993,-1.6856057000000004,-1.665533514,0.9814191696051577,-0.684114344394842,-2.6469526836051602,104400
-1.9030987199999982,-1.7518534199999993,-1.6285634399999998,-1.7325588999999986,-1.6063298000000001,-1.409184300000001,-1.7631995200000004,-1.5668913399999977,-1.6701188799999995,-1.6853478000000004,-1.6717146119999997,0.9887088066766546,-0.683005805323345,-2.660423418676657,104500
-1.888027819999998,-1.7566649199999993,-1.5618790999999996,-1.7651086799999984,-1.6159566400000003,-1.3610235800000012,-1.7498874000000004,-1.616112359999998,-1.6436572999999997,-1.6811947200000006,-1.663951252,0.988399812726692,-0.6755514392733075,-2.652351064726695,104600
-1.9565967599999983,-1.779821239999999,-1.5476473,-1.8082795599999983,-1.6212802400000004,-1.4070519600000013,-1.7425581400000005,-1.599441539999998,-1.6123819799999994,-1.6263498200000006,-1.670140854,0.9805990909285098,-0.6895417630714895,-2.650739944928513,104700
-1.9097875399999982,-1.7925500599999993,-1.6054365400000001,-1.7938838799999983,-1.6333005200000006,-1.4523490800000014,-1.7232986600000004,-1.5896755199999981,-1.6167288799999997,-1.6194540800000004,-1.673646476,0.9875575385937565,-0.686088937406243,-2.6612040145937588,104800
-1.8759153399999982,-1.780755059999999,-1.61168188,-1.7841299399999984,-1.6240533400000006,-1.452665820000001,-1.7279387600000005,-1.5899260399999984,-1.6014680599999997,-1.6532675400000003,-1.6701801780000003,0.9872543721573416,-0.6829258058426579,-2.657434550157344,104900
-1.8139619799999982,-1.812346379999999,-1.6362348999999998,-1.8087950799999986,-1.6489260000000008,-1.4690087800000011,-1.7129896400000004,-1.5555702599999983,-1.6310158599999998,-1.6326987400000001,-1.6721547620000001,0.9822720454883271,-0.6898827165116724,-2.6544268074883295,105000
-1.8126921399999985,-1.787250479999999,-1.6401330399999998,-1.8168186199999985,-1.6249728400000008,-1.514730940000001,-1.7104299800000005,-1.543673179999998,-1.5930540999999996,-1.6471534000000003,-1.6690908720000002,0.9785820814185704,-0.6905087905814294,-2.6476729534185726,105100
-1.8120706599999983,-1.730492259999999,-1.6827484799999997,-1.7946218199999984,-1.5912394800000007,-1.507251400000001,-1.6631388800000004,-1.5899237399999981,-1.6213078999999997,-1.6512653000000004,-1.664405992,0.9659979331900899,-0.69840805880991,-2.6304039251900924,105200
-1.7798185399999982,-1.7291323399999987,-1.6802264399999995,-1.7815558999999985,-1.5958677800000007,-1.493779220000001,-1.6209179600000005,-1.583667279999998,-1.6022356999999994,-1.6509189800000001,-1.651812014,0.9642762773272929,-0.6875357366727068,-2.6160882913272956,105300
-1.7899808799999983,-1.7394623199999986,-1.6725866399999996,-1.7619358799999985,-1.6004108200000007,-1.4919437400000009,-1.5087558200000006,-1.5646871199999979,-1.6194350399999993,-1.60316102,-1.6352359280000002,0.9558092196037733,-0.6794267083962267,-2.5910451476037757,105400
-1.7577256599999982,-1.7431949599999987,-1.6606872799999997,-1.7350250199999981,-1.5760850200000007,-1.540229940000001,-1.5264025200000007,-1.538515159999998,-1.5879476399999992,-1.59209054,-1.6257903740000001,0.962638237601577,-0.663152136398423,-2.5884286116015796,105500
-1.735629059999998,-1.6559960799999986,-1.6730828599999996,-1.7481664999999984,-1.6390972000000008,-1.5234296200000008,-1.5187207200000006,-1.574735279999998,-1.594030319999999,-1.58255998,-1.624544762,0.9586989652678135,-0.6658457967321862,-2.583243727267816,105600
-1.735798239999998,-1.6924599799999986,-1.7473658199999997,-1.7489121999999984,-1.6440357400000007,-1.5381954400000009,-1.5148433800000007,-1.5493075999999981,-1.5895512399999994,-1.54410122,-1.6304570859999998,0.9639541584340765,-0.6665029275659233,-2.5944112444340792,105700
-1.7450492199999978,-1.6855264999999988,-1.7617378599999995,-1.7499155399999984,-1.5900024800000008,-1.5214893800000011,-1.5302586600000005,-1.5669369399999982,-1.6014356199999995,-1.56041988,-1.631277208,0.9655442569673578,-0.665732951032642,-2.596821464967361,105800
-1.7861664199999978,-1.7232610199999987,-1.7538943199999995,-1.7408907399999984,-1.5741401200000007,-1.492924560000001,-1.5585430600000008,-1.561902879999998,-1.6559794799999994,-1.6498488,-1.6497551400000001,0.9751513365974595,-0.6746038034025403,-2.624906476597463,105900
-1.785199179999998,-1.7276122999999988,-1.8037197999999994,-1.7256666599999984,-1.617437060000001,-1.510215320000001,-1.5694156400000006,-1.5629583199999981,-1.6749383399999993,-1.6533014,-1.663046402,0.9772341513143621,-0.6858122506856377,-2.640280553314365,106000
-1.7636577999999978,-1.6750264799999988,-1.8306997799999993,-1.7028540799999983,-1.6522357600000008,-1.5390337000000007,-1.6020400000000006,-1.5605877399999981,-1.6571889199999996,-1.65129948,-1.663462374,0.9773126925974792,-0.6861496814025206,-2.6407750665974823,106100
-1.7399528999999978,-1.6605541599999987,-1.8731398599999993,-1.6747319199999984,-1.656781000000001,-1.5733050200000007,-1.6740243000000006,-1.578214319999998,-1.6716697199999997,-1.6699735400000002,-1.6772346740000001,0.9848509077181756,-0.6923837662818241,-2.6620855817181788,106200
-1.721864439999998,-1.6564522999999987,-1.8505916399999995,-1.7050361399999983,-1.6838016200000008,-1.5997493800000009,-1.6611163200000008,-1.586659899999998,-1.6635961999999997,-1.6508115600000002,-1.67796795,0.9888938718183141,-0.6890740781816856,-2.6668618218183173,106300
-1.6887267599999982,-1.6709499999999986,-1.8876291199999997,-1.6952507199999982,-1.6502124200000008,-1.566281580000001,-1.6109200400000006,-1.602035359999998,-1.66573008,-1.6595343400000002,-1.669727042,0.9875227824392706,-0.6822042595607292,-2.657249824439274,106400
-1.691619979999998,-1.6261499399999986,-1.8886479999999997,-1.7652762199999983,-1.6219501400000007,-1.623331720000001,-1.6739804200000006,-1.6640065599999978,-1.6498812200000001,-1.6887164000000001,-1.6893560600000002,0.9901992315428507,-0.6991568284571491,-2.679555291542854,106500
-1.6884215399999982,-1.6260299399999985,-1.9014588999999997,-1.7885980399999983,-1.6663669800000005,-1.595806800000001,-1.7195223400000006,-1.6700065799999977,-1.6491897799999997,-1.69572732,-1.7001128220000001,1.0014218889709527,-0.6986909330290471,-2.7015347109709564,106600
-1.7237574599999983,-1.6358112199999986,-1.9196981199999996,-1.7849541799999984,-1.6502272000000004,-1.605095640000001,-1.7000308400000006,-1.6914615199999974,-1.6317550199999997,-1.6672922,-1.7010083400000002,1.0028406472777156,-0.6981676927222843,-2.703848987277719,106700
-1.7334683399999984,-1.6439601399999983,-1.9073075199999996,-1.8264919599999982,-1.6314186600000005,-1.6546796600000007,-1.7110218000000006,-1.7095731799999976,-1.6628916799999995,-1.73151422,-1.721232716,1.0154289994241699,-0.70580371657583,-2.736661715424173,106800
-1.7872953399999982,-1.6364368399999984,-1.9206702399999998,-1.8276448799999983,-1.5576746400000008,-1.6395655200000008,-1.7282344800000007,-1.7292004599999975,-1.6525927399999998,-1.74636866,-1.7225683800000002,1.0146164574670278,-0.707951922532972,-2.737184837467032,106900
-1.8104946399999984,-1.6403493399999984,-1.8956068199999996,-1.8006768199999983,-1.552296980000001,-1.6783017000000007,-1.7412479000000007,-1.7135824599999976,-1.6316920199999998,-1.75052212,-1.7214770800000003,1.013004678594763,-0.7084724014052368,-2.7344817585947667,107000
-1.7808360199999982,-1.6155767599999984,-1.8991700999999999,-1.859440499999998,-1.5412894000000008,-1.7083862200000006,-1.7676757800000007,-1.7273794199999974,-1.6561257999999999,-1.7442325399999998,-1.7300112540000003,1.0060014934980308,-0.7240097605019691,-2.736012747498035,107100
-1.7727281999999982,-1.6375800799999984,-1.8663163999999997,-1.8478525199999978,-1.566427120000001,-1.6932830200000006,-1.8216325200000008,-1.7237443599999975,-1.6501094799999998,-1.7488275199999999,-1.7328501220000003,1.0154016511642159,-0.7174484708357841,-2.74825177316422,107200
-1.7520568799999985,-1.6684490999999986,-1.8884507999999998,-1.8329482799999979,-1.5671235800000007,-1.7107176000000004,-1.795164200000001,-1.7275276799999975,-1.66976226,-1.7909873999999997,-1.7403187780000002,1.0121708836937289,-0.728147894306271,-2.7524896616937333,107300
-1.7622460399999986,-1.6348224199999988,-1.8917180999999996,-1.8365323799999982,-1.557530580000001,-1.7380826200000004,-1.8108230200000008,-1.6982906599999976,-1.70364082,-1.7954315799999996,-1.7429118220000004,1.0119109308409184,-0.7310008911590816,-2.754822752840923,107400
-1.7280542399999985,-1.6922112799999989,-1.8813712599999997,-1.8339430799999983,-1.553655760000001,-1.7343908200000004,-1.8292443200000008,-1.6524580799999975,-1.67631412,-1.8255678999999996,-1.7407210860000004,1.0110045034055415,-0.7297165825944585,-2.751725589405546,107500
-1.7248652799999986,-1.6951068599999988,-1.9010801599999996,-1.8119083199999984,-1.487786320000001,-1.7021786200000006,-1.7847601000000006,-1.6033988599999975,-1.67874908,-1.7953849199999994,-1.7185218520000003,0.9906166024031537,-0.7279052495968462,-2.709138454403158,107600
-1.7402928799999984,-1.6824504599999985,-1.8925414799999996,-1.8178660999999985,-1.4729821400000012,-1.7626438600000003,-1.8078883400000008,-1.6188633999999973,-1.6805636600000002,-1.7958016399999994,-1.7271893960000002,0.9966513364866197,-0.73053805951338,-2.7238407324866243,107700
-1.7143529999999985,-1.7219003799999983,-1.8644990599999993,-1.8208711799999986,-1.4572153800000012,-1.7593422400000003,-1.8432142600000008,-1.6214387799999974,-1.6507529600000004,-1.7882787999999994,-1.7241866040000002,0.9951210538997338,-0.729065550100266,-2.719307657899739,107800
-1.7017485999999982,-1.6848095199999986,-1.8956264399999996,-1.8319019799999987,-1.4336978600000012,-1.7706364200000004,-1.7865463000000008,-1.6456977199999974,-1.6586995600000003,-1.7830469799999995,-1.7192411380000001,0.9925360887242997,-0.7267050492756999,-2.7117772267243043,107900
-1.7346487399999984,-1.6374725799999987,-1.9197949799999992,-1.8255024599999987,-1.411974220000001,-1.7592348400000004,-1.793141740000001,-1.6499352599999975,-1.6865684400000003,-1.6920072199999996,-1.711028048,0.9767683992961069,-0.7342596487038925,-2.687796447296112,108000
-1.7076301199999984,-1.6440897599999988,-1.8690212199999992,-1.8693443399999987,-1.437788520000001,-1.7445856200000003,-1.8142508600000011,-1.6421974999999975,-1.6666379400000002,-1.7418090599999996,-1.713735494,0.9741699600053352,-0.7395655339946643,-2.6879054540053398,108100
-1.6679814399999984,-1.681524879999999,-1.8418471599999993,-1.9093079199999985,-1.451418620000001,-1.7232456200000001,-1.7723157000000012,-1.6411050399999974,-1.64895274,-1.7554302199999998,-1.709312934,0.9866331818044367,-0.7226797521955626,-2.695946115804441,108200
-1.6665263799999985,-1.687056719999999,-1.8625486999999992,-1.9127552199999984,-1.4957420600000009,-1.6832028600000002,-1.765658500000001,-1.6594329199999973,-1.6530222600000002,-1.77508354,-1.7161029159999999,0.9918838566163634,-0.724219059383636,-2.7079867726163678,108300
-1.6395827799999985,-1.7268955999999989,-1.8692384399999993,-1.9565297799999986,-1.5037538800000008,-1.68111746,-1.797338080000001,-1.6197121599999975,-1.6123267200000004,-1.8141761,-1.7220670999999999,1.006692541589692,-0.7153745584103074,-2.7287596415896966,108400
-1.5622224199999983,-1.7240629199999986,-1.8614742599999992,-1.9576870199999985,-1.4920763400000008,-1.7097204600000004,-1.810686580000001,-1.5856348399999973,-1.6707540200000002,-1.79159344,-1.71659123,1.0093792694894907,-0.7072119605105085,-2.7259704994894958,108500
-1.5589820999999981,-1.7148969599999986,-1.7970775399999992,-1.9226566999999986,-1.5065970400000008,-1.6731778000000006,-1.848338880000001,-1.5738948999999973,-1.6953512000000004,-1.80113034,-1.7092103459999999,1.0000787810610583,-0.709131564938941,-2.709289127061063,108600
-1.531870119999998,-1.6814269199999987,-1.7956189199999992,-1.8691600599999987,-1.511791000000001,-1.6617265800000005,-1.8551285800000008,-1.5962235199999972,-1.7043055000000005,-1.75786544,-1.696511664,0.9904998899052048,-0.7060117740947944,-2.6870115539052097,108700
-1.5379795999999981,-1.7014932799999984,-1.8110248599999994,-1.906549439999999,-1.5343047200000008,-1.6757643600000003,-1.8486281400000006,-1.551549379999997,-1.7530721600000003,-1.74662004,-1.706698598,0.996356957506547,-0.7103416404934525,-2.703055555506552,108800
-1.5094268999999982,-1.7121967799999986,-1.7969695799999994,-1.882119119999999,-1.5542617800000011,-1.6673103800000002,-1.8870393600000006,-1.5741372199999972,-1.7683385400000002,-1.7587125999999997,-1.7110512260000001,0.9986776716656801,-0.7123735543343193,-2.7097288976656855,108900
-1.5382976999999982,-1.7369071999999988,-1.8017969199999992,-1.867027039999999,-1.560441460000001,-1.6255362800000004,-1.9424793800000006,-1.5845071599999974,-1.7671014000000005,-1.76163794,-1.7185732480000002,1.0073292025861436,-0.7112440454138559,-2.725902450586149,109000
-1.5254686799999986,-1.702599499999999,-1.7976831199999992,-1.8616385999999991,-1.5401067400000008,-1.6883833600000002,-1.8996293600000007,-1.5860756799999973,-1.8032906800000006,-1.78023588,-1.7185111600000003,1.0183508513692274,-0.7001603086307722,-2.7368620113692326,109100
-1.5179818399999985,-1.6775398799999988,-1.763135899999999,-1.9051103599999992,-1.5541965400000006,-1.65762534,-1.9107199400000008,-1.5537883599999973,-1.7853021600000005,-1.8148144200000003,-1.7140214740000002,1.0325902191981504,-0.6814312548018492,-2.746611693198156,109200
-1.5195807399999988,-1.6588241999999989,-1.7703778599999993,-1.9696281199999992,-1.5580782000000009,-1.66090898,-1.9222601800000008,-1.5420043799999972,-1.8077343000000008,-1.76073262,-1.7170129580000002,1.0352395888173611,-0.6817733691826384,-2.7522525468173673,109300
-1.5656941399999988,-1.7073750599999988,-1.7467535399999994,-1.9763194599999991,-1.5827340600000008,-1.6717420200000002,-1.9027293800000007,-1.5616666399999968,-1.780062680000001,-1.78114302,-1.7276220000000004,1.0343540635354278,-0.6932679364645717,-2.761976063535434,109400
-1.5529289399999988,-1.6665812199999988,-1.6868870399999993,-1.970696699999999,-1.5846856200000008,-1.66385616,-1.9295768400000008,-1.5582138999999966,-1.787305520000001,-1.7969334399999999,-1.7197665380000005,1.0306804235331832,-0.6890861144668163,-2.7504469615331897,109500
-1.6128493599999987,-1.6972334599999988,-1.7208432799999998,-1.917308419999999,-1.5866685200000006,-1.6692487399999998,-1.954561580000001,-1.5201895599999966,-1.787886840000001,-1.8154439599999999,-1.7282233720000002,1.0250311546252002,-0.7031922173747995,-2.753254526625206,109600
-1.5546012599999985,-1.7002422799999988,-1.7158885799999997,-1.9162849399999993,-1.5815618200000006,-1.66042534,-1.9388530200000007,-1.5940439999999967,-1.847162880000001,-1.7971246999999997,-1.7306188820000004,1.0285900528888106,-0.702028829111189,-2.7592089348888167,109700
-1.6132337599999986,-1.6823733199999986,-1.7715862199999994,-1.9886464199999994,-1.5628993800000006,-1.6554347999999999,-1.9584025400000007,-1.6202833599999966,-1.848807680000001,-1.8350778999999997,-1.7536745380000003,1.0366288461347635,-0.7170456918652361,-2.79030338413477,109800
-1.6299984999999984,-1.7027729999999988,-1.7868995599999997,-2.0373937399999993,-1.5975859400000008,-1.6540593,-2.0017090400000006,-1.6501368399999965,-1.8663528000000011,-1.8452795199999996,-1.777218824,1.0417333143746454,-0.7354855096253542,-2.8189521383746516,109900
-1.6611824199999985,-1.7298514799999989,-1.7827251199999998,-1.9951921799999994,-1.6184841600000006,-1.6905922999999998,-2.012906540000001,-1.6507380199999964,-1.8748232600000012,-1.8735789,-1.789007438,1.0462155321671716,-0.7427919058328282,-2.835222970167178,110000
-1.6854395999999983,-1.717277619999999,-1.7915857599999998,-1.9600738599999994,-1.5798264400000008,-1.6435177199999997,-2.0379307400000006,-1.6520204999999963,-1.8797498200000013,-1.8999125199999998,-1.784733458,1.0424660082042667,-0.7422674497957328,-2.827199466204273,110100
-1.6798445599999983,-1.705671999999999,-1.8326632799999998,-1.9753124599999996,-1.5805381400000007,-1.6347180799999999,-2.0678656800000006,-1.6169411199999966,-1.9016705400000011,-1.8547363599999998,-1.784996222,1.0518720626421871,-0.7331241593578123,-2.8368682846421938,110200
-1.7015356399999981,-1.682502839999999,-1.8330747799999998,-1.9839097799999994,-1.6232754800000007,-1.69244148,-2.0878570400000007,-1.6018426199999964,-1.8811525200000014,-1.8478312,-1.793542338,1.057374691811252,-0.7361676461887473,-2.8509170298112587,110300
-1.727896559999998,-1.662901339999999,-1.8471929199999997,-1.9593983999999995,-1.6447599400000008,-1.68079432,-2.094348980000001,-1.6200350599999964,-1.8542307400000015,-1.84101672,-1.793257498,1.0598504049554667,-0.7334070930445326,-2.8531079029554736,110400
-1.7298601199999981,-1.6501798599999993,-1.8569838199999995,-1.9803014799999994,-1.6325007600000006,-1.6861066599999999,-2.0642784200000004,-1.6157433599999964,-1.8711609800000018,-1.8839044,-1.7971019860000002,1.0579446355165782,-0.739157350483421,-2.855046621516585,110500
-1.7451292599999981,-1.6958094199999991,-1.8689292399999997,-1.9708157799999992,-1.6328640600000006,-1.74789314,-2.1096389200000005,-1.6100873999999965,-1.891845200000002,-1.87024178,-1.81432542,1.0544466296881085,-0.7598787903118907,-2.8687720496881157,110600
-1.738047479999998,-1.6606100199999991,-1.8320595399999997,-2.0196967999999993,-1.6512610000000008,-1.7592156,-2.11750504,-1.5969421599999964,-1.8849091000000018,-1.9001513399999999,-1.8160398080000002,1.0478356985660486,-0.7682041094339505,-2.863875506566056,110700
-1.7138450999999983,-1.671157039999999,-1.8045232799999997,-2.0319644199999995,-1.6741442400000008,-1.83005048,-2.0928423400000002,-1.6443365399999965,-1.8468657200000018,-1.8650352,-1.817476436,1.0535442889885078,-0.7639321470114914,-2.871020724988515,110800
-1.6722727599999985,-1.686785559999999,-1.8185362399999996,-2.0527614799999996,-1.7039460000000008,-1.87436882,-2.0259365000000003,-1.6569162199999965,-1.804911640000002,-1.7982232599999997,-1.809465848,1.039035835934932,-0.770430012065067,-2.848501683934939,110900
-1.6905602199999985,-1.695444139999999,-1.7666192599999997,-2.0345212999999998,-1.6654969800000006,-1.89948752,-1.9896152200000004,-1.6543072999999964,-1.821013940000002,-1.7898394599999998,-1.8006905340000003,1.032352202381426,-0.7683383316185731,-2.833042736381433,111000
-1.7686426999999987,-1.7593594799999992,-1.7823489599999995,-2.0496125599999995,-1.6406991400000006,-1.86736882,-1.9372434000000005,-1.6970969399999964,-1.8042735200000017,-1.8102127599999998,-1.8116858280000003,1.0436359845106395,-0.7680498434893598,-2.8553218125106463,111100
-1.7976853999999987,-1.7640085799999992,-1.7242808199999997,-2.1165448399999995,-1.6299168800000006,-1.8360992999999999,-1.8541777000000002,-1.6786930199999963,-1.7829206400000017,-1.8068949199999997,-1.7991222100000002,1.0469045325430537,-0.7522176774569457,-2.8460267425430605,111200
-1.8034539399999985,-1.7479085799999994,-1.7076597799999995,-2.0428625599999997,-1.6183276600000007,-1.8200834999999997,-1.8559522200000003,-1.6768718199999963,-1.8050708600000016,-1.8437288199999997,-1.792191974,1.0390941680827794,-0.7530978059172198,-2.8312861420827864,111300
-1.8030538599999986,-1.7261134199999992,-1.6300826199999994,-2.0598162399999995,-1.6198639600000007,-1.8707766199999998,-1.8496848600000004,-1.6825186999999964,-1.8528969800000015,-1.8578783799999998,-1.795268564,1.0333287359259644,-0.7619398280740348,-2.8285972999259714,111400
-1.8361270599999986,-1.7234873599999991,-1.6060234799999995,-1.9944984399999992,-1.6426951400000007,-1.8567422399999998,-1.7856329000000004,-1.614979779999996,-1.8830901400000015,-1.8423595799999999,-1.778563612,1.0317314803974174,-0.7468321316025821,-2.8102950923974244,111500
-1.8585095799999984,-1.712716539999999,-1.5910943999999996,-1.9614656599999991,-1.6200587400000008,-1.8676939199999998,-1.7789440800000005,-1.6138686399999964,-1.8676574000000017,-1.87896402,-1.7750972979999997,1.0275128625378662,-0.7475844354621332,-2.802610160537873,111600
-1.8028606599999983,-1.707483779999999,-1.6381624799999994,-1.936748259999999,-1.622291040000001,-1.92356048,-1.7464672000000008,-1.6179679399999964,-1.8530726000000017,-1.9040516399999998,-1.7752666079999997,1.032355462418749,-0.7429111455812502,-2.8076220704187556,111700
-1.8272838199999981,-1.714785019999999,-1.6801826599999992,-1.9062644799999993,-1.648089480000001,-1.9090250599999998,-1.7513512200000008,-1.6064496399999966,-1.826008300000002,-1.8311982599999999,-1.770063794,1.0268898760809386,-0.7431739179190606,-2.796953670080945,111800
-1.7874831799999982,-1.735276979999999,-1.6404359999999991,-1.943286899999999,-1.6661335200000007,-1.8985185999999998,-1.7459300000000006,-1.5790186599999965,-1.8280399400000018,-1.85489958,-1.767902336,1.01884568147088,-0.7490566545291193,-2.7867480174708863,111900
-1.7570891799999981,-1.7308805799999987,-1.6921745399999992,-1.9776590599999992,-1.6656169400000007,-1.8800318599999997,-1.7229125600000008,-1.5557724799999963,-1.866307540000002,-1.89154316,-1.77399879,1.0274620308935498,-0.7465367591064495,-2.8014608208935563,112000
-1.8111171599999982,-1.6956071399999988,-1.709222819999999,-1.9476144399999993,-1.647631920000001,-1.8643998799999997,-1.7131070400000008,-1.5354689599999964,-1.8677425000000019,-1.92273146,-1.7714643319999999,1.030878480217786,-0.7405858517822133,-2.802342812217792,112100
-1.7703346399999984,-1.7222136799999987,-1.754388779999999,-1.9894742399999992,-1.643909260000001,-1.9256875599999994,-1.6547472400000007,-1.5218861199999965,-1.8589306400000019,-1.89798402,-1.773955618,1.030938634331784,-0.7430169836682151,-2.80489425233179,112200
-1.7489651399999984,-1.7071860999999986,-1.758943919999999,-2.0038998599999993,-1.637360960000001,-1.9241146399999998,-1.6548432600000007,-1.5695910999999965,-1.8396195400000017,-1.8749327800000004,-1.77194573,1.0294538860122686,-0.7424918439877304,-2.8013996160122754,112300
-1.759108079999998,-1.7138842999999986,-1.760481239999999,-2.0032841399999994,-1.6707541400000008,-1.9339566199999996,-1.6587244000000008,-1.5653417799999962,-1.8867351400000019,-1.8948202600000004,-1.78470901,1.0349805109459194,-0.7497284990540797,-2.8196895209459263,112400
-1.713066099999998,-1.6556613599999985,-1.7998843199999988,-1.9835034599999992,-1.697201460000001,-1.9403423599999996,-1.7119751600000006,-1.6169796399999965,-1.8989862600000018,-1.8452878000000004,-1.786288792,1.0377117172119583,-0.7485770747880407,-2.824000509211965,112500
-1.719697979999998,-1.6940911799999987,-1.796792779999999,-1.9878239999999991,-1.6996698800000007,-1.9717251199999994,-1.7147178200000008,-1.6312683199999967,-1.9038667600000017,-1.9036329200000006,-1.802328676,1.0495883188502424,-0.7527403571497568,-2.851916994850249,112600
-1.689062839999998,-1.700902919999999,-1.769495839999999,-1.9959778199999991,-1.7331194200000006,-1.9686493599999995,-1.6935331800000009,-1.5994406199999966,-1.9131086600000016,-1.9073666800000006,-1.797065734,1.0457238168214738,-0.7513419171785255,-2.84278955082148,112700
-1.7422843599999982,-1.6573013999999988,-1.771015639999999,-1.980208039999999,-1.7187455200000008,-1.9612759799999993,-1.7003761200000007,-1.6185730999999968,-1.8994559400000015,-1.8860472400000006,-1.7935283340000001,1.0517728244932651,-0.7417555095067341,-2.845301158493271,112800
-1.7561597199999983,-1.667533399999999,-1.763334179999999,-1.963220399999999,-1.7190918200000007,-2.013615319999999,-1.7030948000000006,-1.6463602799999968,-1.9016162000000014,-1.8827893200000005,-1.801681544,1.055922036882427,-0.7457595071175724,-2.8576035808824325,112900
-1.7309652399999982,-1.6940627599999987,-1.7412845999999993,-1.981397599999999,-1.7606671400000007,-2.017038139999999,-1.6476860400000006,-1.6368113399999968,-1.8857784600000014,-1.8995168200000005,-1.799520814,1.0597407501520677,-0.7397800638479317,-2.8592615641520736,113000
-1.7073289999999983,-1.6883228599999986,-1.7595315799999995,-1.9191361799999993,-1.7494790600000008,-2.035292399999999,-1.6195471600000004,-1.6200105799999966,-1.8865508600000016,-1.8438534400000006,-1.782905312,1.0531506742260064,-0.7297546377739931,-2.8360559862260124,113100
-1.7555813199999983,-1.6193355199999988,-1.8094892799999998,-1.8830943799999995,-1.7627849400000004,-2.040569619999999,-1.6329969600000005,-1.6201049799999967,-1.8920440200000015,-1.8121995400000006,-1.7828200560000003,1.0398660132615332,-0.7429540427384665,-2.8226860692615388,113200
-1.7817160599999982,-1.5994394799999987,-1.8273115199999999,-1.9013576399999994,-1.7611279000000004,-2.062577979999999,-1.6248026400000006,-1.6114232799999968,-1.9064014400000013,-1.7705056400000005,-1.7846663580000004,1.0348262358839957,-0.7498401221160038,-2.8194925938840014,113300
-1.8096959399999983,-1.5591553999999987,-1.82064168,-1.8265121199999994,-1.7466564400000004,-2.063717619999999,-1.5805286200000006,-1.7260896999999966,-1.8999427600000012,-1.7409451200000006,-1.7773885400000002,1.0424678105048186,-0.734920729495181,-2.819856350504824,113400
-1.8523873599999985,-1.576760939999999,-1.85921082,-1.8157245599999994,-1.7448342000000006,-2.038444219999999,-1.5424917200000008,-1.7461901199999965,-1.8821613200000014,-1.7367899200000005,-1.7794995180000004,1.0275513804080585,-0.7519481375919412,-2.807050898408064,113500
-1.8385125399999984,-1.609685899999999,-1.8666998799999999,-1.8204908999999991,-1.8239538600000005,-2.0320936599999984,-1.5164467200000007,-1.7755323799999965,-1.840919960000001,-1.7703367800000003,-1.7894672580000002,1.0423586179166855,-0.7471086400833142,-2.831825875916691,113600
-1.8402589999999988,-1.6196927199999989,-1.85696066,-1.8392726599999991,-1.8276467200000008,-2.0087356999999986,-1.4821517600000007,-1.7569075599999966,-1.837500940000001,-1.7976257800000004,-1.78667535,1.044954581527461,-0.7417207684725388,-2.8316299315274667,113700
-1.7870783599999986,-1.5887789799999987,-1.86775286,-1.8080646599999992,-1.8299322800000006,-1.9948965199999986,-1.5086649800000007,-1.7894667399999966,-1.7668382000000011,-1.8036344800000006,-1.774510806,1.0367034214212345,-0.7378073845787649,-2.81121422742124,113800
-1.855025239999999,-1.5998371199999986,-1.88530114,-1.7961617799999992,-1.799270140000001,-2.0031198799999985,-1.4571656400000006,-1.7628170199999966,-1.8037509000000012,-1.8013132600000008,-1.7763762120000002,1.037317280252068,-0.7390589317479314,-2.8136934922520735,113900
-1.848415259999999,-1.5557365799999985,-1.8476203,-1.804331579999999,-1.838017800000001,-2.0282374999999986,-1.4105484600000004,-1.7505479799999963,-1.775529360000001,-1.8141895400000008,-1.7673174360000001,1.029843981159499,-0.7374734548405003,-2.7971614171595047,114000
-1.915094079999999,-1.6056589399999985,-1.8275258000000003,-1.784115919999999,-1.8446563200000012,-1.9502232399999988,-1.5217200200000005,-1.7790481799999964,-1.730851440000001,-1.7956076200000006,-1.775450156,1.039526595865933,-0.7359235601340665,-2.814976751865938,114100
-1.901331779999999,-1.6143657199999983,-1.89932742,-1.7111050399999987,-1.837483800000001,-1.931863679999999,-1.4953043600000004,-1.8360781599999965,-1.720317520000001,-1.7376054000000005,-1.7684782879999998,1.0433658671118171,-0.7251124208881824,-2.8118441551118223,114200
-1.9010694799999988,-1.6072693399999982,-1.8560771200000001,-1.671515439999999,-1.8526811400000012,-1.947909799999999,-1.4821392600000005,-1.8311595199999966,-1.7794619600000008,-1.7496442600000006,-1.7678927319999997,1.0384792309315733,-0.7294135010684261,-2.8063719629315784,114300
-1.8449177799999987,-1.6055269399999983,-1.906413,-1.645953639999999,-1.854650040000001,-1.996280759999999,-1.5037561200000005,-1.8123102799999966,-1.7443390000000008,-1.7412879200000007,-1.7655435479999997,1.042236180000004,-0.7233073679999955,-2.8077797280000087,114400
-1.8590105399999988,-1.6047574399999984,-1.97954794,-1.674402299999999,-1.8452827600000008,-1.987120879999999,-1.5163869000000003,-1.8199245199999967,-1.7214599200000007,-1.7339064000000008,-1.77417996,1.0477049769198592,-0.7264749830801404,-2.821884936919864,114500
-1.8152443999999988,-1.5829606199999986,-1.9746925799999997,-1.7177540999999992,-1.861969180000001,-1.9775901399999993,-1.5015339,-1.8615067599999966,-1.7182214400000007,-1.7638881800000008,-1.77753613,1.0517310726057518,-0.7258050573942478,-2.829267202605757,114600
-1.8213974999999991,-1.5720941199999987,-1.9426573799999998,-1.7493278399999992,-1.857135940000001,-1.991803879999999,-1.5266399600000002,-1.8439147399999964,-1.6935369000000007,-1.7720469800000007,-1.777055524,1.0508331204128587,-0.726222403587141,-2.8278886444128637,114700
-1.7937521799999994,-1.5771474399999987,-1.8488260999999997,-1.745045979999999,-1.8524253800000008,-1.9908774199999995,-1.5271288800000002,-1.8619752399999965,-1.6955545600000006,-1.7455420800000008,-1.7638275260000003,1.036615399428004,-0.7272121265719954,-2.800442925428009,114800
-1.7922634399999993,-1.5680688199999988,-1.8635659599999996,-1.736498499999999,-1.829711780000001,-1.9820954399999993,-1.4738446600000004,-1.8298722399999965,-1.6657336800000004,-1.746612800000001,-1.7488267320000006,1.0341255679640633,-0.7147011640359363,-2.782952299964068,114900
-1.8074548199999994,-1.5799271999999989,-1.8819667599999996,-1.740663199999999,-1.8264087000000009,-1.9481006799999994,-1.4814539400000002,-1.8221721799999966,-1.6450931800000004,-1.6941732400000007,-1.7427413900000004,1.0350741486991606,-0.707667241300839,-2.777815538699165,115000
-1.8121232799999993,-1.5993066199999988,-1.8668673199999999,-1.709957379999999,-1.8755276600000008,-1.9767521599999993,-1.46715136,-1.8220117599999965,-1.6126265600000003,-1.6771786200000007,-1.7419502720000006,1.0340138771458682,-0.7079363948541314,-2.7759641491458726,115100
-1.8151488599999994,-1.6190983599999986,-1.8286419999999999,-1.698074079999999,-1.8608080600000008,-1.9927872199999994,-1.4640264000000003,-1.8392227399999967,-1.5874975800000004,-1.6780425000000008,-1.7383347800000006,1.0229455014055306,-0.715389278594469,-2.761280281405535,115200
-1.7967286799999993,-1.6171533999999985,-1.82865544,-1.710126719999999,-1.8442766000000008,-1.9423275999999994,-1.4653427,-1.860707839999997,-1.5860180800000003,-1.6977819200000008,-1.734911898000001,1.0133447915420157,-0.7215671064579838,-2.7482566895420204,115300
-1.7527195999999996,-1.6051756599999984,-1.84652392,-1.7332931799999989,-1.8234637000000007,-1.9865931599999993,-1.51205856,-1.879056479999997,-1.5667009600000004,-1.7270136000000007,-1.743259882000001,1.0102609101377231,-0.7329989718622764,-2.7535207921377274,115400
-1.8188506199999994,-1.5826065199999986,-1.8184590400000005,-1.727157679999999,-1.8305858600000005,-1.9529854199999994,-1.4973236600000002,-1.9050077999999968,-1.5368453600000003,-1.7458761000000007,-1.7415698060000009,1.0210635172114915,-0.720506288788508,-2.7626333232114955,115500
-1.8154782399999996,-1.5366668599999986,-1.8210275600000005,-1.726378119999999,-1.7678891800000005,-1.9434532399999995,-1.4482538600000001,-1.9177403199999967,-1.5181948200000002,-1.7433615400000009,-1.723844374000001,1.0197816101088357,-0.7040627638911637,-2.7436259841088395,115600
-1.77579056,-1.5665313399999985,-1.8126789800000005,-1.7047862399999991,-1.7497955600000006,-1.9438785999999992,-1.4423568800000002,-1.9214268599999969,-1.5256695200000001,-1.7414112200000005,-1.7184325760000008,1.01687814053271,-0.7015544354672895,-2.7353107165327133,115700
-1.80044674,-1.5535213799999985,-1.8462065800000007,-1.6947497199999992,-1.7309824000000007,-1.9071373799999995,-1.48084856,-1.916886639999997,-1.5593277600000002,-1.7395447800000006,-1.7229651940000008,1.0147164836311986,-0.7082487103688011,-2.7376816776312016,115800
-1.7863124799999996,-1.5649247199999985,-1.8388825400000008,-1.675133999999999,-1.7462179000000007,-1.9118211599999995,-1.4673988400000002,-1.885487959999997,-1.5507844800000001,-1.7736349600000005,-1.7200599040000006,1.0248357164395008,-0.6952241875604989,-2.744895620439504,115900
-1.7777918599999998,-1.5937759199999986,-1.8807435400000008,-1.6695173999999993,-1.7339963800000007,-1.8921072399999994,-1.50268828,-1.8818669199999971,-1.5389387200000002,-1.8108974000000007,-1.7282323660000005,1.0283921164353238,-0.6998402495646759,-2.756624482435327,116000
-1.6879747999999999,-1.5425341199999985,-1.884316600000001,-1.644594279999999,-1.7546387000000008,-1.8977719799999995,-1.5095193199999999,-1.8757299399999972,-1.5605063200000004,-1.8017591800000006,-1.7159345240000006,1.0165312928636157,-0.6994032311363841,-2.732465816863619,116100
-1.6717238799999998,-1.5462384999999985,-1.930392300000001,-1.5580278199999993,-1.7360125200000007,-1.9112206399999994,-1.5553170600000001,-1.8625196799999972,-1.5708472600000005,-1.8367673000000004,-1.7179066960000007,1.0090680491685384,-0.7088386468314611,-2.7269747451685413,116200
-1.6501232799999996,-1.5834331599999987,-1.9666272600000008,-1.5849706999999993,-1.7331392000000008,-1.9287883399999997,-1.5654109399999998,-1.8094570999999973,-1.5755690400000006,-1.8077438000000003,-1.7205262820000007,1.0114187705968982,-0.7091075114031014,-2.731945052596901,116300
-1.6495089399999996,-1.5889900399999988,-2.011738340000001,-1.613663559999999,-1.778300140000001,-1.9106014199999997,-1.55519806,-1.7801902599999975,-1.5539455000000006,-1.7796607200000003,-1.7221796980000008,1.0153245922449943,-0.7068551057550053,-2.7375042902449973,116400
-1.6205589599999997,-1.605267099999999,-2.0594368200000006,-1.6398597399999992,-1.796819660000001,-1.8702613599999995,-1.5722764200000001,-1.7904777199999975,-1.5067754200000005,-1.7894422600000004,-1.7251175460000008,1.0096026634901047,-0.7155148825098948,-2.7347202094901077,116500
-1.6153685999999996,-1.610816459999999,-2.0521173200000007,-1.6246003399999993,-1.753893740000001,-1.8974215399999996,-1.56304016,-1.7934164799999974,-1.5111211200000005,-1.7337090000000004,-1.7155504760000009,0.9999485506813385,-0.7156019253186611,-2.7154990266813415,116600
-1.6382103399999997,-1.6128259399999991,-1.993438040000001,-1.6357052399999992,-1.7367354400000008,-1.8525871599999997,-1.641031,-1.7729787199999973,-1.5607233600000003,-1.7227045200000004,-1.7166939760000008,0.9976257370290219,-0.7190682389709777,-2.7143197130290253,116700
-1.6120692999999997,-1.6193004799999988,-1.974622300000001,-1.675774279999999,-1.7058315000000008,-1.8538411399999999,-1.6303586399999999,-1.7795628599999973,-1.5382155200000003,-1.7513459800000004,-1.714092200000001,0.9980121039167601,-0.7160800960832395,-2.712104303916764,116800
-1.62621066,-1.665466599999999,-2.023149440000001,-1.7111988999999992,-1.7514387800000009,-1.83839896,-1.6286542199999996,-1.7807710799999972,-1.5798751200000003,-1.7076285000000004,-1.731279226000001,1.0091832883866898,-0.7220959376133098,-2.7404625143866936,116900
-1.6457796199999999,-1.7186722999999988,-1.9736634600000007,-1.6833040399999992,-1.7757449600000006,-1.8273730999999998,-1.6206930199999996,-1.8191084999999974,-1.5656515400000004,-1.7110646800000004,-1.7341055220000008,1.0053611229872754,-0.7287443990127241,-2.739466644987279,117000
-1.6148947199999997,-1.7434377399999987,-1.9304557000000009,-1.6755017599999993,-1.8135673200000004,-1.8163053399999998,-1.6305888,-1.8291016199999972,-1.5697734200000004,-1.7044938000000005,-1.7328120220000007,1.0036855622121088,-0.7291264597878907,-2.7364975842121124,117100
-1.6498730199999998,-1.7052889799999988,-1.8965289000000007,-1.6484374399999995,-1.7945873600000004,-1.7747416200000001,-1.6407457599999997,-1.8586697599999973,-1.6022646600000003,-1.7057313400000005,-1.7276868840000006,0.992350759436009,-0.7353361245639906,-2.720037643436013,117200
-1.6476936599999998,-1.679926579999999,-1.8751616400000006,-1.6798513799999995,-1.8053748400000007,-1.8050152600000002,-1.6565095199999995,-1.8554548799999973,-1.6611015800000004,-1.6994449600000001,-1.7365534300000005,1.0013342863942,-0.7352191436057994,-2.737887716394204,117300
-1.64252798,-1.7008122199999989,-1.8525697400000007,-1.6488623799999997,-1.7983703200000005,-1.7757762200000002,-1.6529203999999995,-1.8519734199999973,-1.5897998600000003,-1.6933725000000002,-1.7206985040000007,0.9903835057798941,-0.7303149982201056,-2.711082009779898,117400
-1.6484084800000003,-1.7265986599999987,-1.807594420000001,-1.6578288599999995,-1.7814911400000006,-1.7815374000000004,-1.5766141999999996,-1.8354571599999974,-1.5927577600000005,-1.7035010400000001,-1.7111789120000005,0.9770447685351721,-0.7341341434648275,-2.688223680535176,117500
-1.6769317400000003,-1.7276522599999986,-1.8067956800000007,-1.6795825399999997,-1.7657259400000007,-1.7558701600000004,-1.5947535599999998,-1.8088412199999973,-1.5821347000000003,-1.65306826,-1.7051356060000007,0.9717255317128809,-0.7334100742871186,-2.676861137712885,117600
-1.7197073000000003,-1.7274724199999987,-1.8241909400000005,-1.7010009599999998,-1.7663378000000005,-1.7183554400000003,-1.6125972999999996,-1.8238598199999974,-1.5675743000000002,-1.6435165,-1.7104612780000006,0.9685822945706528,-0.7418789834293466,-2.679043572570657,117700
-1.7069013400000004,-1.7740682199999986,-1.8422967200000004,-1.6981463799999998,-1.7768335600000003,-1.7220461400000004,-1.6125636199999998,-1.8067406799999972,-1.5523918600000002,-1.6503030800000003,-1.7142291600000004,0.967709248863958,-0.7465199111360412,-2.681938408863963,117800
-1.6975652000000003,-1.7834281599999986,-1.8165483800000004,-1.70690554,-1.7565625200000001,-1.6783533400000008,-1.70023046,-1.7746469399999973,-1.5247085800000002,-1.6531541800000003,-1.7092103300000006,0.9715431176426148,-0.7376672123573844,-2.68075344764262,117900
-1.7030429400000002,-1.8270909199999985,-1.8298845200000002,-1.6665158399999997,-1.6942214200000003,-1.6519508600000006,-1.71607666,-1.8147517199999974,-1.53879146,-1.6601132200000002,-1.7102439560000005,0.9767769949899581,-0.7334669610100409,-2.687020950989963,118000
-1.7147678800000004,-1.8261633999999987,-1.8203190400000002,-1.6773325999999997,-1.7274934400000006,-1.6434174000000008,-1.7513359,-1.8239792199999973,-1.5189682000000002,-1.69111864,-1.7194895720000003,0.9796219111223163,-0.7398676608776826,-2.699111483122321,118100
-1.6993275600000002,-1.8312920999999986,-1.8076332000000002,-1.6822758399999995,-1.7203224400000006,-1.6099481800000006,-1.77739264,-1.8062762199999975,-1.5457618400000002,-1.6743483000000001,-1.7154578320000002,0.9760366069491551,-0.7394212250508438,-2.69149443894916,118200
-1.71914546,-1.8151669199999987,-1.8034284000000003,-1.6521811799999995,-1.7104365400000003,-1.6300530000000006,-1.7900191799999998,-1.8091492199999974,-1.5496751800000002,-1.66094268,-1.714019776,0.9803502340212664,-0.7336695419787325,-2.6943700100212715,118300
-1.7107690199999999,-1.8289738399999984,-1.77239426,-1.6600018399999996,-1.6904349000000005,-1.6366452800000006,-1.8281676199999999,-1.7099411399999973,-1.5626966000000002,-1.6419624000000002,-1.7041986900000001,0.9575710500673216,-0.7466276399326773,-2.6617697400673266,118400
-1.7279437999999998,-1.8366772799999984,-1.7348229000000004,-1.6622489799999998,-1.7137089200000006,-1.6011021600000006,-1.81115028,-1.6989299399999973,-1.5243537800000002,-1.6460405200000003,-1.6956978560000002,0.967847496783445,-0.727850359216554,-2.66354535278345,118500
-1.72156744,-1.8144801999999984,-1.7466237800000004,-1.6952194399999998,-1.6334590400000009,-1.5947078600000009,-1.8217342799999998,-1.7197742599999972,-1.5439861800000003,-1.6075709600000005,-1.6899123440000003,0.9494675479164372,-0.7404447960835618,-2.639379891916442,118600
-1.70604988,-1.8332186799999985,-1.7558145400000003,-1.69278682,-1.6217047400000006,-1.591972120000001,-1.8935434999999998,-1.7381084199999972,-1.5893756000000006,-1.5994005000000004,-1.7021974800000004,0.9555274149764046,-0.7466700650235945,-2.6577248949764094,118700
-1.72554028,-1.8665962599999986,-1.7295093400000001,-1.71491006,-1.6435741200000007,-1.574110780000001,-1.8888354199999997,-1.7074107199999973,-1.6514609400000004,-1.6170012000000002,-1.7118949120000004,0.9622595945279019,-0.7496353174720971,-2.674154506527907,118800
-1.6734268399999996,-1.8702993399999988,-1.70501238,-1.7143921800000002,-1.6775913200000006,-1.5821832400000009,-1.8654744799999998,-1.7267494399999972,-1.6122659000000001,-1.5987093600000002,-1.7026104480000004,0.9567861626402978,-0.7458242853597012,-2.6593966106403024,118900
-1.7022365199999996,-1.892912659999999,-1.7549171199999998,-1.7071190600000004,-1.6192115600000005,-1.6189844800000006,-1.8503310399999997,-1.7381597999999974,-1.6031596200000002,-1.6408141200000004,-1.7127845980000003,0.9650055474185472,-0.7477790505814518,-2.6777901454185518,119000
-1.6419038399999997,-1.834081739999999,-1.7960820999999998,-1.7029943800000005,-1.6162678200000005,-1.6711880600000004,-1.7393630599999996,-1.7753605999999973,-1.5808706600000002,-1.6667234600000003,-1.7024835720000004,0.9523459811694027,-0.7501375908305961,-2.654829553169408,119100
-1.6416956599999997,-1.827015599999999,-1.7199836199999998,-1.7146325200000003,-1.6094377200000005,-1.6925593600000002,-1.7440455599999998,-1.7189905399999972,-1.6375159000000001,-1.6841946000000005,-1.6990071080000007,0.9369792504088861,-0.7620278575911128,-2.635986358408891,119200
-1.64315036,-1.890198339999999,-1.6972702199999998,-1.7178030000000004,-1.6226314600000002,-1.7319649000000001,-1.7850709199999997,-1.686136099999997,-1.5775605000000001,-1.7076233600000004,-1.7059409160000008,0.9364293137093473,-0.7695116022906515,-2.6423702297093516,119300
-1.6767950399999998,-1.8961209599999993,-1.67581926,-1.7074555600000003,-1.6193350200000003,-1.6924315,-1.7859365799999998,-1.705618939999997,-1.6277231399999998,-1.6831362800000003,-1.7070372280000006,0.932364358253283,-0.7746728697467158,-2.6394015862532876,119400
-1.71035922,-1.906738819999999,-1.6444516999999998,-1.6996416800000003,-1.6116973000000003,-1.69668506,-1.76842864,-1.705357019999997,-1.63399854,-1.7084953,-1.7085853280000007,0.9274874350973132,-0.7810978929026854,-2.6360727630973178,119500
-1.6989860200000002,-1.894085919999999,-1.64433052,-1.6373502800000004,-1.5932085400000002,-1.70126068,-1.8069304,-1.669740159999997,-1.6346085399999999,-1.6656109000000003,-1.6946111960000005,0.9232036762719515,-0.7714075197280472,-2.617814872271956,119600
-1.694538,-1.9025937799999992,-1.6606815599999998,-1.5845593000000002,-1.6158952400000004,-1.69969538,-1.82714216,-1.623668699999997,-1.60313346,-1.6423949800000006,-1.6854302560000003,0.9121863443923449,-0.7732439116076537,-2.597616600392349,119700
-1.6698443400000003,-1.8845969999999992,-1.6963759399999998,-1.5517601400000003,-1.6339775000000003,-1.6889161199999998,-1.8813846,-1.664712459999997,-1.6026849200000002,-1.6130410800000003,-1.6887294099999999,0.926739450903864,-0.7619899590961348,-2.615468860903868,119800
-1.6650027200000002,-1.873647519999999,-1.71943586,-1.5868227400000003,-1.6151324000000002,-1.6834125,-1.92487998,-1.676491619999997,-1.63126028,-1.5789270200000005,-1.6955012639999998,0.9413083440733692,-0.7541929199266295,-2.636809608073374,119900
-1.6900009200000001,-1.8331112799999991,-1.6920581599999998,-1.6270910800000002,-1.5840323400000003,-1.67484994,-1.9476043200000002,-1.6952468199999973,-1.6124781,-1.6423531000000005,-1.6998826059999999,0.9415923862930201,-0.7582902197069786,-2.6414749922930247,120000
-1.6565357600000001,-1.8444514399999992,-1.6930313199999998,-1.6827505000000003,-1.5529263200000003,-1.7038067600000002,-1.9489431400000001,-1.7479556399999974,-1.61321878,-1.6249560000000005,-1.7068575659999998,0.9458352421958461,-0.7610223238041526,-2.6526928081958503,120100
-1.6945936400000001,-1.8012694399999993,-1.6833298399999999,-1.6896990600000001,-1.5982473400000003,-1.7041541200000003,-1.9530352199999998,-1.7504452199999971,-1.63916552,-1.6400346800000005,-1.7153974079999998,0.9503755468190386,-0.7650218611809602,-2.665772954819043,120200
-1.6859415000000004,-1.8298687599999994,-1.6862768399999999,-1.7135481000000001,-1.5670540800000003,-1.7494579000000001,-1.9626412400000002,-1.723131719999997,-1.6614491999999998,-1.6493964200000004,-1.7228765759999995,0.9592980621504757,-0.763578513849523,-2.68217463815048,120300
-1.6872923200000003,-1.8835027999999994,-1.6860261799999998,-1.74817528,-1.5445815600000006,-1.7249859200000004,-1.9249324,-1.704515799999997,-1.6533728799999998,-1.6427481600000005,-1.7200133299999998,0.9632226432415818,-0.7567906867584169,-2.6832359732415862,120400
-1.6721038400000001,-1.9449964199999994,-1.6889953599999996,-1.7598414000000002,-1.551126280000001,-1.7130692400000003,-1.9652006000000002,-1.6822492799999968,-1.6637259199999996,-1.6399504600000006,-1.7281258800000001,0.961240693954866,-0.7668851860451327,-2.689366573954871,120500
-1.68723794,-1.9503642799999994,-1.6738713199999995,-1.7578708600000004,-1.6128379400000008,-1.6857971800000005,-1.9989023400000006,-1.7199835799999972,-1.6674288599999998,-1.6423172200000007,-1.7396611520000003,0.9658991253514779,-0.7737620266485209,-2.705560277351483,120600
-1.7094338999999998,-1.9025478999999996,-1.6851214399999994,-1.7360761200000006,-1.6128303000000008,-1.6744289800000005,-1.9948352800000007,-1.729926479999997,-1.6993042199999997,-1.655228480000001,-1.7399733100000003,0.9682753172082781,-0.7716979927917207,-2.7082486272082833,120700
-1.6943171399999997,-1.9499724199999995,-1.6761292399999994,-1.7635064800000004,-1.6564168200000007,-1.6740711800000003,-1.9604981400000008,-1.6654843999999969,-1.6706562399999996,-1.722409540000001,-1.7433461600000002,0.9687834394612403,-0.7745627205387584,-2.7121295994612455,120800
-1.72715984,-1.9359443599999995,-1.6525404399999994,-1.7477520400000004,-1.6326203600000009,-1.6565280000000002,-1.9787147000000007,-1.6747377999999968,-1.6770391999999996,-1.704805520000001,-1.7387842260000002,0.9613671283704259,-0.7774170976295727,-2.700151354370431,120900
-1.72246682,-1.8822188399999995,-1.6231478199999991,-1.7416185200000003,-1.6209426400000009,-1.6527994600000002,-1.9391467600000007,-1.670475019999997,-1.6703868799999995,-1.673426640000001,-1.71966294,0.9496226084992603,-0.7700403315007384,-2.669285548499266,121000
-1.7303355599999997,-1.8840191999999996,-1.6160068199999995,-1.7545977200000005,-1.614846960000001,-1.6481675400000002,-1.9532550000000006,-1.638586499999997,-1.6463937799999995,-1.657630740000001,-1.7143839820000002,0.9443702141361721,-0.7700137678638265,-2.6587541961361776,121100
-1.7675190199999997,-1.8744622199999994,-1.6071517799999995,-1.7505496600000003,-1.659249900000001,-1.6076309600000005,-1.9293283200000004,-1.649710739999997,-1.6287200999999993,-1.6126768600000008,-1.708699956,0.9496886923743566,-0.759011263625642,-2.6583886483743617,121200
-1.8093615999999997,-1.8613910599999994,-1.5762274399999996,-1.7418838800000003,-1.6768281000000007,-1.6111567600000003,-1.9679595800000005,-1.676657759999997,-1.6140351399999993,-1.6261777600000011,-1.7161679079999999,0.9458968843135609,-0.7702710236864375,-2.662064792313566,121300
-1.7984673999999998,-1.8607089399999994,-1.5731342199999994,-1.7019928200000003,-1.6287215000000006,-1.5932195000000005,-1.9548395600000004,-1.7279049199999972,-1.598931959999999,-1.651784660000001,-1.7089705480000001,0.9422681664507075,-0.766702381549291,-2.6512387144507117,121400
-1.7652418599999995,-1.8493105799999996,-1.5441042399999996,-1.6752529400000007,-1.6139911200000006,-1.6106853000000003,-1.9709086400000002,-1.7506524199999973,-1.6131669399999993,-1.6358554600000008,-1.70291695,0.9380563376746912,-0.7648606123253074,-2.6409732876746954,121500
-1.7739476199999995,-1.8797850399999996,-1.5774890199999996,-1.7110166800000008,-1.6405214000000006,-1.5907002200000002,-1.9526019600000004,-1.7426374399999975,-1.6505872399999992,-1.648550160000001,-1.7167836779999999,0.9457513685651691,-0.7710323094348296,-2.6625350465651736,121600
-1.7737560199999995,-1.8886327199999997,-1.6156776399999995,-1.6895217800000006,-1.6519759200000008,-1.6196817800000003,-1.8817030400000005,-1.7375023399999976,-1.5923533399999994,-1.652625660000001,-1.710343024,0.9403464401392385,-0.7699965838607601,-2.6506894641392424,121700
-1.7592109599999999,-1.87502698,-1.6017724199999999,-1.6511640600000006,-1.6726801600000007,-1.6147578800000002,-1.8741546600000003,-1.7468005399999975,-1.6064253799999995,-1.663850420000001,-1.7065843459999999,0.9348556869068788,-0.7717286590931195,-2.641440032906883,121800
-1.7453019399999996,-1.8186728999999997,-1.5545833399999998,-1.5753441400000008,-1.6113057400000008,-1.6301277200000004,-1.9262157400000004,-1.7610316599999976,-1.5976665799999994,-1.665178020000001,-1.6885427779999997,0.9273958323388762,-0.7611469456611221,-2.61593861033888,121900
-1.7591205599999997,-1.7927621599999997,-1.55503244,-1.5835558200000008,-1.5877572000000009,-1.6869132200000003,-1.9268437400000002,-1.7393874999999976,-1.5928191999999997,-1.643918700000001,-1.6868110539999999,0.9266749389888252,-0.7601361150111731,-2.613485992988829,122000
-1.7478234399999997,-1.7939296599999996,-1.56491818,-1.5802325800000008,-1.5447395000000008,-1.6993353800000006,-1.92857642,-1.7526981799999977,-1.5716695799999993,-1.661029340000001,-1.6844952259999997,0.9227286562641963,-0.761766569735802,-2.6072238822642,122100
-1.7574214399999997,-1.7979183999999995,-1.5987345400000001,-1.5482156200000008,-1.5476344000000009,-1.7423682200000004,-1.91481384,-1.7246358999999976,-1.6370268799999994,-1.6618132000000008,-1.6930582439999997,0.9450714987280658,-0.7479867452719325,-2.63812974272807,122200
-1.7463515799999996,-1.7964203199999995,-1.6207597,-1.5025971400000009,-1.5325544000000009,-1.7156913000000003,-1.9718316200000003,-1.6897820999999977,-1.5720970599999995,-1.6457884600000008,-1.6793873679999998,0.9510321566867235,-0.7283552113132749,-2.6304195246867272,122300
-1.7884068799999995,-1.7778734399999996,-1.64290128,-1.5088076000000006,-1.5304470600000009,-1.70644794,-1.9434569400000004,-1.7044768399999974,-1.5768181399999996,-1.6269182000000009,-1.6806554319999998,0.9601524957822852,-0.720502936217713,-2.640807927782289,122400
-1.8091397999999992,-1.7726272399999996,-1.66093428,-1.5349937800000006,-1.5236462800000006,-1.69486106,-1.9663481600000003,-1.7551672599999975,-1.5700563599999995,-1.630655380000001,-1.6918429599999998,0.9702240536674641,-0.7216189063325342,-2.6620670136674676,122500
-1.7952465799999993,-1.7258037799999997,-1.68587828,-1.5498658600000004,-1.5380629000000008,-1.71802106,-1.9734600600000005,-1.7663065199999974,-1.6087518399999996,-1.640826080000001,-1.700222296,0.9689024999819135,-0.7313197960180848,-2.669124795981917,122600
-1.7543143599999993,-1.7358242999999995,-1.7460981800000002,-1.5176124000000004,-1.5406353200000007,-1.7288413200000001,-1.9850309800000006,-1.7423172199999974,-1.6025976399999997,-1.669292320000001,-1.7022564040000001,0.9786561296559476,-0.7236002743440507,-2.6809125336559507,122700
-1.7463058999999992,-1.7460410599999998,-1.7199860200000003,-1.5448000600000003,-1.531881300000001,-1.7455142399999999,-1.9796457200000004,-1.7154267399999972,-1.6563942199999997,-1.7051841800000007,-1.709117944,0.9795500403916635,-0.7295679036083348,-2.6886679843916665,122800
-1.7370258799999994,-1.7252961799999997,-1.7134387800000002,-1.5208590400000004,-1.5333783000000007,-1.72273776,-1.8825820800000002,-1.7098344999999973,-1.6629344199999998,-1.7663714600000007,-1.69744584,0.9745125559808037,-0.7229332840191947,-2.6719583959808064,122900
-1.7274722399999993,-1.6917789599999997,-1.7013432800000003,-1.5672533000000004,-1.5378143800000006,-1.72449774,-1.8680371800000004,-1.720735139999997,-1.6591723999999999,-1.7729391000000008,-1.697104372,0.973445956886891,-0.7236584151131075,-2.6705503288868937,123000
-1.7403825399999995,-1.7109820599999999,-1.7412535200000006,-1.5718861400000006,-1.5130125600000008,-1.7749360399999998,-1.9224339600000004,-1.733170639999997,-1.72169808,-1.7514339800000007,-1.7181189520000002,0.9833044760459473,-0.7348144759540515,-2.70142342804595,123100
-1.7437791199999995,-1.7323067399999996,-1.7297374800000005,-1.5757386600000007,-1.5397278200000009,-1.8271238399999998,-1.9051583000000005,-1.751270539999997,-1.71734042,-1.7753024000000008,-1.7297485320000001,0.9838198736572273,-0.7459286583427713,-2.7135684056572296,123200
-1.7213211999999996,-1.7382923599999998,-1.7150027600000004,-1.6024914800000007,-1.5110437200000006,-1.8162271599999997,-1.9106072600000004,-1.7629403799999972,-1.7232424,-1.8009494400000008,-1.730211816,0.9741796114134066,-0.7560322045865923,-2.704391427413409,123300
-1.7172760799999998,-1.7397227999999998,-1.7318814600000005,-1.6129416800000007,-1.5115006000000006,-1.8358370199999996,-1.8848098200000007,-1.7547374199999972,-1.72990132,-1.8104851400000006,-1.732909334,0.9720473920454071,-0.7608619419545914,-2.7049567260454097,123400
-1.7071746599999997,-1.7674772199999997,-1.7477446600000004,-1.6274187800000006,-1.5086614400000005,-1.8529570199999998,-1.9267267800000005,-1.7392949399999975,-1.7943542399999999,-1.8033153400000006,-1.7475125079999998,0.9738992951706099,-0.7736132128293886,-2.7214118031706125,123500
-1.7126704999999998,-1.7853313799999997,-1.7240834800000004,-1.5979042000000008,-1.5183982400000005,-1.8509715599999998,-1.9105948800000008,-1.7221434999999974,-1.7866148399999997,-1.8193172800000006,-1.7428029859999998,0.9747465209091541,-0.7680564650908444,-2.717549506909157,123600
-1.74534708,-1.7884655799999996,-1.7160765800000004,-1.5745779600000005,-1.5386336200000006,-1.9032556199999997,-1.832145960000001,-1.7047860399999977,-1.7376219799999995,-1.7898822000000003,-1.7330792619999997,0.9710499491013311,-0.7620293128986673,-2.7041292111013338,123700
-1.7511706999999999,-1.7685446399999996,-1.7086142400000006,-1.5735361400000005,-1.5200886000000005,-1.9151507199999995,-1.856470240000001,-1.7218772999999976,-1.7214139399999997,-1.7557530200000004,-1.7292619539999996,0.9657166555504986,-0.7635452984494999,-2.694978609550501,123800
-1.76996392,-1.7611224999999993,-1.7157584200000005,-1.6536389800000006,-1.5284177000000005,-1.8828605399999996,-1.9167996600000012,-1.6954453999999977,-1.7207152799999994,-1.7471801600000003,-1.7391902559999997,0.9790663201422106,-0.7601239358577879,-2.7182565761422133,123900
-1.754722,-1.7986395399999993,-1.6939161000000007,-1.6492059200000007,-1.5513626400000007,-1.8570132199999996,-1.9389626000000013,-1.6657868599999974,-1.7506371799999993,-1.7592265400000004,-1.7419472599999994,0.97844018007957,-0.7635070799204285,-2.720387440079573,124000
-1.7931968199999997,-1.8344525599999995,-1.6440412600000005,-1.6632703800000004,-1.5480479400000007,-1.8682541199999998,-1.9240311600000013,-1.6215262199999976,-1.7652311799999993,-1.7152576000000004,-1.7377309239999994,0.971657927673973,-0.7660729963260257,-2.709388851673976,124100
-1.8263603399999997,-1.8301120999999991,-1.6791281800000006,-1.6627060200000006,-1.5420418600000008,-1.8778095799999996,-1.9504253400000013,-1.6456099199999976,-1.7180737599999991,-1.7077006400000005,-1.743996773999999,0.9732656528192213,-0.7707311211807774,-2.7172624268192243,124200
-1.8351895599999997,-1.7820581599999994,-1.7076427200000006,-1.6274158000000005,-1.5222857600000008,-1.8514302199999997,-1.9374059000000015,-1.6383175999999977,-1.772906179999999,-1.6974069600000004,-1.737205885999999,0.971980452003494,-0.7652254339965046,-2.709186338003497,124300
-1.8144492399999999,-1.7285806999999993,-1.6909273600000005,-1.6822988600000008,-1.501077720000001,-1.8518141399999997,-1.9300153800000013,-1.5930750799999975,-1.7261914999999994,-1.7088193200000006,-1.722724929999999,0.9741091650312842,-0.7486157649687145,-2.6968340950312877,124400
-1.7782415999999999,-1.7174115399999994,-1.6753827800000005,-1.6612420000000006,-1.494671100000001,-1.8717143599999997,-1.902480220000001,-1.5964862199999976,-1.7334642399999993,-1.7099902200000006,-1.7141084279999987,0.972840748378737,-0.7412676796212618,-2.6869491763787403,124500
-1.7776556599999995,-1.7166097599999992,-1.6856076000000004,-1.6775233400000005,-1.4814446800000014,-1.9172609399999996,-1.8681781000000013,-1.6354489399999976,-1.7324338399999994,-1.7073368600000003,-1.7199499719999989,0.9742396700976192,-0.7457103019023795,-2.694189642097623,124600
-1.8046666399999995,-1.7478746399999991,-1.6799644800000004,-1.6680261000000005,-1.4722538800000011,-1.8706561399999995,-1.8500364400000011,-1.6306867999999977,-1.7365275199999994,-1.7639341800000004,-1.7224626819999989,0.9844507538094632,-0.7380119281905355,-2.706913435809467,124700
-1.8509413599999993,-1.7574107999999993,-1.6352976200000002,-1.6387118200000004,-1.4716100800000012,-1.8412454199999997,-1.802004700000001,-1.5638873199999979,-1.7027671999999994,-1.7681940400000005,-1.703207035999999,0.9710877274438949,-0.7321193085561037,-2.6742947634438985,124800
-1.8940812599999994,-1.7895485999999994,-1.5952066600000003,-1.5405979400000005,-1.4958302600000013,-1.8692809599999995,-1.751930960000001,-1.5797950399999976,-1.6617422399999993,-1.7821511200000004,-1.696016503999999,0.9570491944168694,-0.7389673095831293,-2.653065698416873,124900
-1.8338878599999995,-1.7797786199999992,-1.6450259000000003,-1.5013949400000004,-1.4774916600000014,-1.8563142799999994,-1.7291709600000014,-1.5512890399999975,-1.6982563999999993,-1.7242947000000004,-1.6796904359999991,0.9566346377220237,-0.7230557982779748,-2.6363250737220274,125000
-1.8395542799999995,-1.7398629199999993,-1.6565217800000003,-1.4375876200000004,-1.4870445800000016,-1.8351691199999993,-1.7640112600000015,-1.5985533599999975,-1.7107018599999995,-1.7253883600000004,-1.679439513999999,0.9615952491919114,-0.7178442648080872,-2.641034763191915,125100
-1.8182523199999994,-1.7849298199999992,-1.6224967000000001,-1.4347467400000005,-1.4621493600000017,-1.870070899999999,-1.7418980000000017,-1.5702929599999973,-1.6600770399999993,-1.7365913200000003,-1.6701505159999988,0.9598784697239823,-0.7102720462760164,-2.630028985723986,125200
-1.8545183999999992,-1.7901154199999991,-1.62546142,-1.3868780000000007,-1.4918580000000017,-1.8369098199999994,-1.7406343600000014,-1.5824236599999975,-1.6504573199999992,-1.7057502600000003,-1.6665006659999988,0.9568317324368502,-0.7096689335631484,-2.6233323984368537,125300
-1.8777602399999993,-1.7542845399999991,-1.5851114000000002,-1.3717567800000006,-1.5298227400000015,-1.8609880399999992,-1.7500521600000014,-1.5844436599999974,-1.6498999199999995,-1.7124785200000003,-1.6676597999999987,0.9501444446569721,-0.7175153553430265,-2.617804244656975,125400
-1.8123118999999994,-1.6980383399999988,-1.5954813800000003,-1.3821153600000005,-1.5463357400000017,-1.8771493399999992,-1.7013641200000011,-1.5860298199999976,-1.7187298199999994,-1.6711946400000002,-1.6588750459999986,0.9480380120809851,-0.7108370339190135,-2.6069130580809885,125500
-1.8154603999999994,-1.735544499999999,-1.63486646,-1.4582894600000005,-1.4959028200000017,-1.8780246999999992,-1.714426880000001,-1.5141862799999977,-1.6949216399999996,-1.67611598,-1.6617739119999984,0.9517263309534933,-0.7100475810465053,-2.6135002429534966,125600
-1.8041233399999996,-1.7805523599999986,-1.58912984,-1.4699975600000008,-1.4992505400000016,-1.8890861999999993,-1.7662311800000012,-1.5144257999999977,-1.6809317999999995,-1.62609038,-1.6619818999999985,0.9544369528161863,-0.7075449471838123,-2.6164188528161896,125700
-1.8348519599999997,-1.7819715999999988,-1.5734006399999998,-1.4516825400000009,-1.4933713000000017,-1.8696718799999994,-1.7730299800000011,-1.5681898599999977,-1.6653749599999994,-1.5649531200000002,-1.6576497839999984,0.9526356664864286,-0.70501411751357,-2.610285450486432,125800
-1.7876169999999996,-1.772602279999999,-1.6081972,-1.4886761400000008,-1.4542871800000017,-1.8341957399999993,-1.7694125000000012,-1.6050641799999976,-1.6875928599999994,-1.54037942,-1.6548024499999985,0.9552649422173529,-0.6995375077826457,-2.6100673922173563,125900
-1.8026394999999997,-1.787413959999999,-1.67173792,-1.499859980000001,-1.4553205400000016,-1.852327779999999,-1.7574937800000012,-1.6055743599999976,-1.6825682199999994,-1.5717158800000002,-1.6686651919999986,0.9712110419946649,-0.6974541500053337,-2.639876233994668,126000
-1.8180564399999997,-1.789815279999999,-1.6560795599999998,-1.513885360000001,-1.4334062600000015,-1.860890619999999,-1.7468609200000014,-1.5886081599999977,-1.6972262399999993,-1.5847080000000002,-1.6689536839999985,0.9665757584588275,-0.7023779255411712,-2.635529442458831,126100
-1.7419054399999998,-1.809472339999999,-1.6643424599999996,-1.5189455000000012,-1.4115833400000017,-1.8821234399999989,-1.7274154400000015,-1.6355349399999977,-1.7030532599999992,-1.6337043400000004,-1.6728080499999987,0.9626586680403553,-0.7101493819596435,-2.635466718040359,126200
-1.6986375200000001,-1.819295459999999,-1.7461270199999999,-1.5027045400000012,-1.4116360800000018,-1.8704471799999987,-1.6893337200000014,-1.6786534399999977,-1.7358432199999994,-1.6170000400000004,-1.6769678219999988,0.978159676031714,-0.6988081459682849,-2.655127498031718,126300
-1.70495104,-1.7973600799999991,-1.7458904199999998,-1.516438260000001,-1.414313580000002,-1.8875383599999986,-1.7398335000000014,-1.6692447199999976,-1.7712248599999993,-1.5994119800000004,-1.6846206799999988,0.9804630546104234,-0.7041576253895754,-2.6650837346104277,126400
-1.76187816,-1.7966026799999988,-1.7529996199999998,-1.534741340000001,-1.397600300000002,-1.8715587599999985,-1.7233313400000014,-1.6591550599999974,-1.7825136799999992,-1.6014969800000005,-1.6881877919999988,0.97937979708464,-0.7088079949153587,-2.6675675890846446,126500
-1.7781453200000001,-1.7920520999999987,-1.7176807799999998,-1.514198740000001,-1.411914160000002,-1.8841122799999988,-1.7291069600000015,-1.6834871199999972,-1.7982358999999994,-1.6560811800000004,-1.696501453999999,0.9844153152370951,-0.7120861387629036,-2.680916769237099,126600
-1.7645542,-1.8098654799999985,-1.6802944399999995,-1.5300548400000011,-1.380184500000002,-1.856382719999999,-1.7313253400000013,-1.6822088799999972,-1.8183595199999993,-1.6765578000000003,-1.6929787719999991,0.9818206250207477,-0.7111581469792512,-2.6747993970207524,126700
-1.82095562,-1.7967077199999986,-1.6761724599999994,-1.5490609000000009,-1.386973580000002,-1.8244763399999988,-1.7400305200000015,-1.672742419999997,-1.8236423599999996,-1.65983326,-1.695059517999999,0.9861141615587559,-0.708945356441243,-2.681173679558761,126800
-1.81713134,-1.8029806199999987,-1.6918518399999993,-1.5523358600000008,-1.410304460000002,-1.8298841999999989,-1.6986120600000014,-1.6498419399999968,-1.8233930999999992,-1.66803112,-1.694436653999999,0.9803083021541137,-0.7141283518458853,-2.6747449561541186,126900
-1.8150581,-1.8145470599999987,-1.6910421799999993,-1.5972680000000008,-1.4099746400000022,-1.7657166799999988,-1.7229625000000015,-1.6941760599999969,-1.8214221199999991,-1.6648764600000001,-1.6997043799999991,0.9843505866821965,-0.7153537933178025,-2.6840549666822016,127000
-1.80132248,-1.837148639999999,-1.7262994199999993,-1.6204776200000008,-1.4137613600000023,-1.7929981799999988,-1.7242627000000015,-1.6577261799999972,-1.8203932599999992,-1.70338644,-1.709777627999999,0.9946947219585783,-0.7150829060414208,-2.704472349958583,127100
-1.76031828,-1.812924199999999,-1.711991779999999,-1.6608559200000008,-1.4101287400000024,-1.7946221399999986,-1.7557978400000014,-1.679968759999997,-1.7478032399999994,-1.7123922400000005,-1.704680313999999,0.9802751125530286,-0.7244052014469706,-2.6849554265530333,127200
-1.7971177799999998,-1.8231899599999992,-1.6989825799999991,-1.6839812400000007,-1.4163691000000025,-1.832096279999999,-1.704265480000001,-1.6888935199999968,-1.7881329199999993,-1.7266972000000005,-1.7159726059999991,0.9682895907949152,-0.7476830152050841,-2.68426219679492,127300
-1.7409083799999998,-1.8476298999999992,-1.703326119999999,-1.674604380000001,-1.4058805000000023,-1.819051859999999,-1.7213258000000011,-1.670107079999997,-1.7902579399999994,-1.7223445400000004,-1.7095436499999992,0.9581451523758174,-0.7513984976241818,-2.6676888023758223,127400
-1.7095494400000002,-1.8439474599999992,-1.6934477399999992,-1.6663051400000009,-1.3967416800000023,-1.8093131799999989,-1.6922304600000013,-1.6215042999999971,-1.8004871399999993,-1.7244864400000004,-1.695801297999999,0.9520518730273466,-0.7437494249726525,-2.6478531710273514,127500
-1.7124391,-1.834932259999999,-1.662907219999999,-1.6647250000000011,-1.4079557000000023,-1.8038320799999987,-1.6714820200000011,-1.6104340399999972,-1.7815119399999995,-1.7281360400000003,-1.687835539999999,0.9510540737342807,-0.7367814662657185,-2.638889613734286,127600
-1.7296339,-1.8314952999999992,-1.601810079999999,-1.659382940000001,-1.3889716800000025,-1.760269159999999,-1.690255820000001,-1.5922049399999971,-1.7792594799999994,-1.7619682600000002,-1.679525155999999,0.950123941453464,-0.7294012145465354,-2.6296490974534685,127700
-1.77049056,-1.8179507199999991,-1.6057969199999989,-1.7124321000000011,-1.3744648600000025,-1.7372727999999988,-1.6674436600000009,-1.6038520599999972,-1.7551047599999996,-1.7465169600000001,-1.679132539999999,0.9565329406654292,-0.7225995993345703,-2.6356654806654336,127800
-1.8104126999999999,-1.8681114799999992,-1.655530399999999,-1.7334329800000012,-1.3949300600000027,-1.7730404199999987,-1.686609220000001,-1.6217566199999973,-1.8082986799999994,-1.73721592,-1.708933847999999,0.9567752583849167,-0.7521585896150828,-2.6657091063849214,127900
-1.84586398,-1.821875579999999,-1.6488194999999988,-1.697131800000001,-1.4090741400000026,-1.7799564199999989,-1.7129447800000008,-1.5964872199999973,-1.8053473399999993,-1.7279825599999998,-1.704548331999999,0.9518821543974504,-0.7526661776025491,-2.6564304863974555,128000
-1.81195644,-1.7909440399999992,-1.6220751599999985,-1.6905568800000008,-1.4286606000000026,-1.745663419999999,-1.6336562200000009,-1.5593757399999972,-1.7603648999999992,-1.7482715799999997,-1.6791524979999992,0.9382895396951685,-0.7408629583048308,-2.6174420376951737,128100
-1.7889351399999998,-1.775250039999999,-1.6156972799999985,-1.7091898400000007,-1.4340290200000028,-1.733125979999999,-1.645603440000001,-1.5397134799999972,-1.8204023199999995,-1.7339297199999997,-1.6795876259999991,0.9476336340411073,-0.731953991958892,-2.6272212600411127,128200
-1.7778670599999997,-1.796421139999999,-1.6019739599999985,-1.6923656400000007,-1.4294199000000025,-1.7423718999999989,-1.607237040000001,-1.521798119999997,-1.8626277199999992,-1.7169859599999995,-1.674906843999999,0.9608696264707046,-0.7140372175292946,-2.63577647047071,128300
-1.8109198399999997,-1.820415499999999,-1.5885661999999987,-1.6958977200000007,-1.4542743200000026,-1.747229319999999,-1.5858583400000006,-1.5586476999999972,-1.8799006799999993,-1.7419504199999993,-1.688366003999999,0.9710576203171964,-0.7173083836828027,-2.6594236243172014,128400
-1.7733099999999995,-1.8000656999999993,-1.5880627599999986,-1.6854553400000005,-1.4414605600000028,-1.7793770599999987,-1.5834739200000008,-1.561669519999997,-1.8523880799999992,-1.7594936599999995,-1.6824756599999988,0.9652052329620756,-0.7172704270379237,-2.6476808929620805,128500
-1.7827773399999995,-1.8045311199999992,-1.5859808199999987,-1.7121892000000005,-1.4799547600000025,-1.818676779999999,-1.6023330000000007,-1.5628851199999971,-1.872480499999999,-1.7672930199999994,-1.6989101659999988,0.9678481404118634,-0.7310620255881358,-2.6667583064118685,128600
-1.7694107399999992,-1.7969886999999993,-1.5788826999999985,-1.7086826600000007,-1.4667206600000027,-1.778262499999999,-1.6410618200000007,-1.553827959999997,-1.9304025799999993,-1.7978057999999992,-1.702204611999999,0.9637679785430966,-0.7384366334569026,-2.665972590543102,128700
-1.7909212599999995,-1.8243407399999996,-1.5942640999999986,-1.6929913000000008,-1.4400478600000026,-1.790946179999999,-1.6191235600000007,-1.556648219999997,-1.9101722599999993,-1.8040447999999991,-1.702350027999999,0.9604588266713763,-0.7418912013286227,-2.6628088546713813,128800
-1.7906258399999997,-1.8283969999999996,-1.622679799999999,-1.6178631400000005,-1.4266971800000023,-1.8235296799999992,-1.5829917400000004,-1.537965299999997,-1.9316389599999995,-1.8055728999999994,-1.696796153999999,0.9426453304762156,-0.7541508235237836,-2.6394414844762206,128900
-1.7707295399999996,-1.7744659599999997,-1.6181895599999987,-1.6413501400000008,-1.4514124200000023,-1.8136764199999993,-1.5425962200000007,-1.5524514999999972,-1.9145632799999996,-1.7377306599999995,-1.6817165699999992,0.9339333651457378,-0.7477832048542613,-2.6156499351457425,129000
-1.7410528999999997,-1.7896817799999996,-1.640169039999999,-1.6412551800000006,-1.4643332000000024,-1.7537388399999991,-1.5591294000000007,-1.5231967999999971,-1.9428755799999997,-1.7731677999999993,-1.6828600519999992,0.9331675556107494,-0.7496924963892497,-2.6160276076107545,129100
-1.7255757199999997,-1.7963670799999998,-1.6560098599999993,-1.6481641800000006,-1.4906583600000025,-1.7804190399999993,-1.5363583000000007,-1.530867299999997,-1.9660628599999996,-1.8168998999999995,-1.6947382599999992,0.9367443112675111,-0.757993948732488,-2.631482571267516,129200
-1.6943205199999993,-1.7877976199999994,-1.6965628599999993,-1.6867297800000005,-1.4955372400000024,-1.7781514599999995,-1.541242580000001,-1.5652621399999973,-1.9172063399999997,-1.8701605399999994,-1.7032971079999992,0.9399086026339176,-0.7633885053660815,-2.643205710633923,129300
-1.6858152199999994,-1.7749043399999997,-1.6962485999999997,-1.6228097800000003,-1.5168613000000024,-1.7812410999999995,-1.5663092400000012,-1.6057030199999973,-1.9374592199999996,-1.8747253399999995,-1.7062077159999995,0.9377517150203293,-0.7684560009796698,-2.6439594310203343,129400
-1.7062637599999995,-1.7748920799999999,-1.6928285599999997,-1.6102511400000004,-1.5122345800000025,-1.7553502999999995,-1.6143281000000014,-1.5884123999999975,-1.9145998999999996,-1.8466530999999995,-1.7015813919999996,0.9391378155118834,-0.7624435764881156,-2.6407192075118884,129500
-1.7369070799999995,-1.7961699999999998,-1.6654192399999999,-1.6096382000000002,-1.5374392600000024,-1.7602859999999996,-1.5890804600000012,-1.5485511199999973,-1.9276745399999995,-1.8334678799999995,-1.7004633779999994,0.9374623411701393,-0.7630010368298596,-2.637925719170144,129600
-1.7210838399999995,-1.7478269,-1.69145538,-1.65805248,-1.5324684000000024,-1.7828160599999996,-1.6051741200000011,-1.5848178199999976,-1.9343284399999996,-1.7850640599999994,-1.7043087499999996,0.9292601229490031,-0.775048627050996,-2.6335688729490077,129700
-1.7373710199999997,-1.7429918,-1.7116370400000003,-1.6929953400000002,-1.5139348000000026,-1.8315284599999995,-1.6394082200000013,-1.5885630199999978,-1.9682640999999996,-1.7787788999999992,-1.7205472699999995,0.9337668231285899,-0.7867804468714091,-2.654314093128595,129800
-1.7002103799999995,-1.7039473200000002,-1.6903295,-1.7212399200000001,-1.4997910200000026,-1.7939410799999995,-1.6548849600000013,-1.6064787599999977,-1.9954517799999996,-1.7561716599999995,-1.7122446379999994,0.933642123710321,-0.778602514289678,-2.645886761710326,129900
-1.7145609999999993,-1.69671188,-1.63572986,-1.6994926600000002,-1.5427572200000026,-1.7931393799999995,-1.6352001000000014,-1.6087307799999977,-1.9686207999999996,-1.7563385799999995,-1.7051282259999994,0.9259013671865007,-0.7792268588134984,-2.631029593186506,130000
-1.7079167799999992,-1.6916273000000002,-1.6169162600000002,-1.7342846000000003,-1.5229898400000024,-1.7864734999999996,-1.6214327800000012,-1.5543652399999976,-1.9669668599999994,-1.8171258399999994,-1.7020098999999993,0.924524986302934,-0.777484913697065,-2.626534886302939,130100
-1.6850393799999994,-1.6729109,-1.6279887000000002,-1.7728071000000003,-1.4944863800000023,-1.7429919999999997,-1.613702420000001,-1.5560740999999976,-2.0044716399999998,-1.8415059399999996,-1.7011978559999994,0.9265558765459082,-0.774641979454091,-2.6277537325459135,130200
-1.7231229199999996,-1.6257058599999998,-1.6024008800000002,-1.8375788200000003,-1.4849642800000025,-1.7604744399999996,-1.584963900000001,-1.5729216599999976,-2.04803862,-1.8484837799999994,-1.7088655159999993,0.9398161617037482,-0.7690493542962511,-2.648681677703753,130300
-1.7169572999999998,-1.59639948,-1.62230268,-1.7971590000000004,-1.4537169800000023,-1.7404431399999996,-1.5805070000000012,-1.5954661199999975,-2.04303826,-1.8666609399999996,-1.7012650899999995,0.9456019614981696,-0.7556631285018298,-2.6468670514981745,130400
-1.7624941399999998,-1.63592792,-1.62475014,-1.8021282000000005,-1.4215619800000021,-1.7390994199999994,-1.5983256200000013,-1.5952993799999973,-2.00765388,-1.8434700399999995,-1.7030710719999995,0.942079702884985,-0.7609913691150144,-2.6451507748849896,130500
-1.7512868799999994,-1.6360816,-1.60298138,-1.7429990000000004,-1.4395842800000023,-1.7422570599999994,-1.6348759400000015,-1.6436915599999975,-2.0067250599999995,-1.8685971199999996,-1.7069079879999998,0.9332632625944786,-0.7736447254055209,-2.640171250594483,130600
-1.7464297799999995,-1.63390964,-1.6576403,-1.7306320200000003,-1.4931070800000024,-1.7861152199999992,-1.5777502200000015,-1.6443829199999973,-2.0041195,-1.9163616799999994,-1.719044836,0.9393246912675042,-0.7797201447324953,-2.6583695272675087,130700
-1.7309912599999993,-1.6188321199999998,-1.64605024,-1.72197234,-1.4515083200000023,-1.8067432799999992,-1.5779245600000014,-1.6195138999999972,-2.00722656,-1.9578232799999993,-1.713858586,0.9358809500224041,-0.7779776359775955,-2.6497395360224085,130800
-1.736407919999999,-1.6271118199999999,-1.62593514,-1.6819267400000002,-1.4691067600000025,-1.8107073999999994,-1.5745349400000013,-1.565626739999997,-1.9935862999999998,-1.9389068399999991,-1.7023850600000001,0.9291466631364967,-0.7732383968635029,-2.6315317231365007,130900
-1.727899919999999,-1.6618967199999997,-1.5527816,-1.6735982,-1.4623269400000027,-1.7834831799999995,-1.5943808000000013,-1.5910185199999969,-2.0119561,-1.964363439999999,-1.7023705420000002,0.9287421533700692,-0.7736283886299306,-2.6311126953700734,131000
-1.725718479999999,-1.6698100999999996,-1.5808837400000002,-1.6905974600000002,-1.4553366400000025,-1.7874707599999997,-1.576960100000001,-1.588042779999997,-2.02307016,-1.992034439999999,-1.708992466,0.9390158123123636,-0.769976653687636,-2.6480082783123673,131100
-1.746381459999999,-1.6476947399999997,-1.5883667600000002,-1.69362568,-1.4691686800000026,-1.7958317199999996,-1.5935125200000013,-1.547123839999997,-2.02173352,-2.000293399999999,-1.7103732319999998,0.9353295462553909,-0.7750436857446087,-2.6457027782553952,131200
-1.7719574399999987,-1.6191808199999997,-1.52659296,-1.6994692400000002,-1.4390705400000023,-1.8649714199999996,-1.5859356200000014,-1.4969628999999969,-2.08329668,-1.9972661999999992,-1.7084703819999996,0.9457365982731316,-0.762733783726868,-2.654206980273136,131300
-1.799696939999999,-1.6229233599999995,-1.519943,-1.6968621600000002,-1.4258028400000022,-1.8961874999999997,-1.5630465200000012,-1.4999124599999971,-2.0525069200000003,-2.000653399999999,-1.7077535099999996,0.945806730242165,-0.7619467797578348,-2.653560240242169,131400
-1.7804216199999991,-1.5912958199999998,-1.5108813000000003,-1.68142638,-1.449560020000002,-1.8839085,-1.5862581800000013,-1.530963779999997,-2.0460458400000006,-1.981980419999999,-1.704274186,0.9514048170681874,-0.7528693689318124,-2.655679003068191,131500
-1.778917859999999,-1.5685302199999998,-1.5079301400000003,-1.67140916,-1.4551064400000022,-1.8895988999999997,-1.6017580000000011,-1.5409723199999972,-2.0124640800000004,-1.935612059999999,-1.6962299179999996,0.9414721574153666,-0.7547577605846333,-2.6377020754153704,131600
-1.7919563799999991,-1.53059616,-1.5458073200000004,-1.66685784,-1.4696863600000023,-1.8670130999999999,-1.5888268400000012,-1.5532564999999972,-2.0289912000000005,-1.9342733999999993,-1.6977265099999996,0.9436126912360829,-0.7541138187639167,-2.641339201236087,131700
-1.749457799999999,-1.51337496,-1.5602672600000005,-1.6568793800000003,-1.4532023000000023,-1.8582646799999998,-1.5713211800000013,-1.5753839399999974,-2.01359658,-1.9184513799999994,-1.6870199459999995,0.9391875735384988,-0.7478323724615009,-2.6262075195385024,131800
-1.7402955999999992,-1.5078833799999998,-1.5946804800000007,-1.67758942,-1.433520960000002,-1.8727038599999997,-1.5820216400000013,-1.6174673999999973,-1.9806331000000004,-1.9517656199999993,-1.6958561459999997,0.9476798707233268,-0.7481762752766729,-2.643536016723331,131900
-1.7301615399999992,-1.5027023999999998,-1.6202010800000008,-1.62281818,-1.4496290200000022,-1.9119735199999999,-1.6293181200000013,-1.5645521199999974,-2.00448678,-1.9520535999999993,-1.6987896359999997,0.9434765293174037,-0.7553131066825961,-2.642266165317407,132000
-1.7208094799999991,-1.4770886399999998,-1.5829803400000009,-1.6274217000000002,-1.439972860000002,-1.9060241399999998,-1.6066462200000011,-1.6411392399999971,-2.0427950800000003,-1.900611739999999,-1.6945489439999997,0.9418763833076244,-0.7526725606923753,-2.636425327307628,132100
-1.7779725999999993,-1.4793078599999998,-1.591281600000001,-1.63867822,-1.4655372600000018,-1.8578211599999996,-1.5830559800000015,-1.6280974799999972,-2.0251738,-1.9220635399999992,-1.6968989499999998,0.9411021688661618,-0.7557967811338377,-2.6380011188661654,132200
-1.7673641599999994,-1.5158896,-1.574705120000001,-1.6362890200000002,-1.4446480600000018,-1.8248484999999997,-1.6017457400000015,-1.6189486399999973,-1.97644912,-1.9386745999999995,-1.6899562559999999,0.9441279620319389,-0.7458282939680607,-2.6340842180319424,132300
-1.7858427199999993,-1.5084936399999997,-1.587012180000001,-1.68790166,-1.464837900000002,-1.8357869599999999,-1.6094747800000015,-1.6564951799999972,-1.97378162,-1.9597602199999995,-1.7069386859999998,0.9479082287453879,-0.7590304572546117,-2.654846914745391,132400
-1.8274926199999992,-1.5013994799999997,-1.5898441200000009,-1.6602879400000001,-1.4666816400000022,-1.8419161599999998,-1.6334835000000014,-1.667723459999997,-1.99523176,-1.9852172999999993,-1.7169277979999997,0.9514071089824092,-0.7655206890175905,-2.6683349069824125,132500
-1.8323046599999995,-1.4992412799999997,-1.588564200000001,-1.6297313599999999,-1.4945783000000024,-1.8122450799999998,-1.6198565200000017,-1.677642679999997,-1.98459452,-2.0054339999999993,-1.7144192599999997,0.9579728500706385,-0.7564464099293613,-2.672392110070641,132600
-1.8262483999999994,-1.5072809999999996,-1.5526443200000009,-1.6566567399999998,-1.5209531200000022,-1.8233815399999997,-1.6005222000000017,-1.7142402199999969,-1.9880738199999999,-1.9782043999999994,-1.7168205759999995,0.950996109513677,-0.7658244664863229,-2.66781668551368,132700
-1.7589171399999994,-1.4939333399999999,-1.571923860000001,-1.5835342,-1.551232500000002,-1.8251895399999998,-1.585168540000002,-1.719380119999997,-1.96758828,-1.9494313199999993,-1.7006298839999996,0.9355298064910142,-0.7651000775089856,-2.6361596904910174,132800
-1.7244913199999996,-1.4462891199999999,-1.519181560000001,-1.6115988799999998,-1.559118080000002,-1.7943106,-1.587160560000002,-1.761144339999997,-1.9518813,-1.9016736599999995,-1.6856849419999997,0.9416070155651637,-0.7440779264348361,-2.6272919575651668,132900
-1.7009998599999998,-1.4983730800000001,-1.549705160000001,-1.64339064,-1.597430920000002,-1.78725126,-1.564120180000002,-1.7242019999999971,-1.94228072,-1.9160984199999995,-1.6923852239999997,0.9438145665778293,-0.7485706574221705,-2.636199790577832,133000
-1.7413388399999996,-1.49719636,-1.5582705200000009,-1.7056343600000003,-1.5839210800000023,-1.78154464,-1.5706303600000018,-1.7263152399999973,-1.9793123999999997,-1.9163924599999995,-1.7060556259999995,0.9473050643580346,-0.7587505616419652,-2.6533606903580376,133100
-1.7200920799999997,-1.4984643400000002,-1.5678556400000008,-1.7349294600000005,-1.5687060200000023,-1.76098432,-1.5386012400000018,-1.7628432599999975,-1.9289517999999999,-1.9175236399999998,-1.6998951799999995,0.9445334975660493,-0.7553616824339504,-2.644428677566052,133200
-1.7182823599999997,-1.4979797200000002,-1.5822969400000009,-1.7337376200000005,-1.5574791600000024,-1.73461258,-1.564580340000002,-1.8099478399999973,-1.88165744,-1.9302722199999998,-1.7010846219999995,0.9395651036197862,-0.7615195183802137,-2.640649725619789,133300
-1.7273489599999998,-1.4912062400000001,-1.5809953200000006,-1.7351224200000006,-1.5517707200000024,-1.7004645999999999,-1.571619920000002,-1.8044969999999971,-1.8752936,-1.9262524599999997,-1.6964571239999997,0.9383026075495073,-0.7581545164504928,-2.63475973154951,133400
-1.7296802599999999,-1.47949788,-1.5876350400000008,-1.7164118200000007,-1.5273437000000023,-1.72621826,-1.532618960000002,-1.8309358799999973,-1.8516530199999999,-1.8909258199999999,-1.6872920639999998,0.9451196026697346,-0.7421724613302654,-2.6324116666697375,133500
-1.7076875599999997,-1.4624229000000002,-1.5987097000000006,-1.7504673600000007,-1.4951160400000025,-1.70007928,-1.519822700000002,-1.8541053399999974,-1.88612126,-1.86825156,-1.68427837,0.9511653278870993,-0.7331130421129007,-2.6354436978871023,133600
-1.6896491399999995,-1.4440622800000003,-1.5933740000000005,-1.7531630000000007,-1.4813734400000025,-1.72250564,-1.490958480000002,-1.8590075199999974,-1.8599175599999997,-1.83304804,-1.6727059099999997,0.9504822889609773,-0.7222236210390228,-2.6231881989609804,133700
-1.6512158399999997,-1.4325630200000004,-1.5998302400000006,-1.7963591800000005,-1.5131419200000025,-1.78746386,-1.4815454800000019,-1.8426034599999974,-1.8943109999999999,-1.8837991599999997,-1.6882833159999995,0.9650303411774468,-0.7232529748225534,-2.6533136571774496,133800
-1.6143334199999995,-1.43309634,-1.5656461400000006,-1.8017956600000005,-1.5144590600000027,-1.7859132199999999,-1.471897080000002,-1.8701927199999975,-1.86884264,-1.9064272599999996,-1.6832603539999993,0.9666936679532414,-0.7165666860467588,-2.6499540219532447,133900
-1.6138220599999995,-1.4393837600000001,-1.5523041600000007,-1.7630924800000005,-1.4608483200000026,-1.7974092199999998,-1.471862880000002,-1.8994461599999974,-1.85772242,-1.9858764399999993,-1.6841767899999993,0.980064211394983,-0.7041125786050172,-2.6642410013949864,134000
-1.6146362599999993,-1.40297202,-1.5499860800000007,-1.7579773400000007,-1.5513837200000027,-1.8297143999999996,-1.474305440000002,-1.9224564399999975,-1.8341745,-1.9318518999999994,-1.6869458099999994,0.9916001340094469,-0.6953456759905532,-2.6785459440094503,134100
-1.593523319999999,-1.4197724,-1.5076455200000007,-1.7501871600000007,-1.5841607000000024,-1.8358258999999995,-1.4915086600000018,-1.9210089999999973,-1.8076747200000003,-1.8764535399999993,-1.6787760919999997,0.9966637889650068,-0.6821123030349932,-2.67543988096501,134200
-1.6550884199999991,-1.47616162,-1.4392964000000006,-1.7238696600000005,-1.5676350800000025,-1.8246079199999994,-1.4914107600000017,-1.919338619999997,-1.8024664800000003,-1.8181988999999996,-1.6718073859999996,0.9945563421804955,-0.6772510438195046,-2.666363728180499,134300
-1.6724461999999989,-1.52442644,-1.4414931600000005,-1.7579844000000007,-1.5408744200000024,-1.8149820199999993,-1.4488134800000017,-1.899216079999997,-1.8270258400000003,-1.8205011399999995,-1.6747763179999995,0.9919093356757799,-0.6828669823242203,-2.666685653675783,134400
-1.6494829799999988,-1.54455848,-1.4360025800000005,-1.7575315200000006,-1.5431985200000022,-1.8335748799999994,-1.4637790400000017,-1.9418186199999972,-1.8181387400000002,-1.8096094399999996,-1.6797694799999994,0.9932372594664827,-0.6865322205335176,-2.673006739466486,134500
-1.6337234599999988,-1.54290728,-1.4650704400000003,-1.7635053000000007,-1.596554480000002,-1.7786574599999994,-1.4933769400000017,-1.9798102199999972,-1.8345652000000001,-1.8248568199999997,-1.6913027599999995,0.9964954042851428,-0.6948073557148575,-2.6877981642851463,134600
-1.6298894999999987,-1.5306460399999997,-1.4322573600000004,-1.735365120000001,-1.575362280000002,-1.7539648799999992,-1.4505236800000016,-1.973650179999997,-1.80498894,-1.8157098599999997,-1.6702357839999997,0.9981277138538763,-0.672108070146124,-2.6683634978538793,134700
-1.6117513199999989,-1.5234085199999996,-1.4299850800000005,-1.7298654000000007,-1.605962960000002,-1.7084131399999993,-1.4122916600000017,-1.987620999999997,-1.7871898400000001,-1.8279768399999998,-1.6624465759999998,0.9926015825434379,-0.6698449934565625,-2.655048158543441,134800
-1.6591391399999988,-1.5425827599999993,-1.4707362200000005,-1.745505340000001,-1.614023600000002,-1.7539421399999993,-1.4081602400000017,-1.9638388399999969,-1.79481554,-1.8240204199999996,-1.677676424,0.9929354505598066,-0.6847409734401938,-2.670611874559809,134900
-1.662187899999999,-1.5686386799999994,-1.5237758600000006,-1.7551451600000008,-1.6077766400000018,-1.8370530599999992,-1.449123700000002,-1.9811791199999969,-1.7796528400000002,-1.8422419399999996,-1.70067749,1.0085330506293395,-0.6921444393706606,-2.7092105406293423,135000
-1.6677398799999992,-1.5799846799999993,-1.5134576400000006,-1.7635545200000007,-1.6233225000000018,-1.8423148199999992,-1.4247638800000018,-1.9543342799999968,-1.7899539000000004,-1.7648931199999995,-1.6924319220000001,0.9963891134178635,-0.6960428085821369,-2.688821035417866,135100
-1.6719331199999992,-1.5763124599999991,-1.5002388000000004,-1.7505337600000006,-1.6516493600000017,-1.861126159999999,-1.440794140000002,-1.973562619999997,-1.7867538200000004,-1.7544517599999994,-1.6967356,0.9894804650937578,-0.7072551349062427,-2.68621606509376,135200
-1.599668619999999,-1.584222039999999,-1.5335665400000005,-1.7195369400000007,-1.621373620000002,-1.844217439999999,-1.483330080000002,-1.968879959999997,-1.8185711000000004,-1.7967725599999995,-1.69701389,0.990156179889659,-0.7068577101103414,-2.6871700698896617,135300
-1.5747790999999989,-1.624837579999999,-1.5206991200000004,-1.7353448800000006,-1.645940040000002,-1.833203719999999,-1.5084572400000018,-1.9307880999999971,-1.8223413200000003,-1.7946775799999992,-1.699106868,0.9817726049805127,-0.7173342630194877,-2.680879472980515,135400
-1.5762488199999987,-1.6128956599999993,-1.5477721400000004,-1.7292669600000006,-1.680020500000002,-1.8431211599999993,-1.5346231800000019,-1.9227362799999972,-1.7974148200000002,-1.8164090599999991,-1.7060508579999998,0.9751328614744126,-0.7309179965255876,-2.681183719474415,135500
-1.6020703199999988,-1.5845537199999993,-1.5648292400000006,-1.7148434000000006,-1.6903707400000019,-1.851530679999999,-1.4710698400000017,-1.8668968199999971,-1.8249991000000003,-1.7970038199999991,-1.6968167679999997,0.9732912322976986,-0.7235255357023017,-2.670108000297701,135600
-1.6143957799999986,-1.5383550199999994,-1.5644448800000004,-1.7102235400000005,-1.6638407200000018,-1.804723219999999,-1.4726450200000019,-1.9373817399999973,-1.8227389800000002,-1.7870525999999993,-1.6915801499999994,0.9748697431761059,-0.7167104068238943,-2.666449893176108,135700
-1.5905506399999987,-1.5100952199999995,-1.5603943400000002,-1.7628339400000008,-1.6916408400000018,-1.790069499999999,-1.4686647200000023,-1.9331045399999973,-1.8221096600000004,-1.7582554599999995,-1.6887718859999996,0.9741006884394721,-0.7146711975605281,-2.6628725744394743,135800
-1.6200045599999988,-1.4763659799999993,-1.5439467800000002,-1.7975427000000008,-1.7006108600000016,-1.7840009399999988,-1.4958070600000022,-1.9476507599999975,-1.8573053200000005,-1.7675395199999995,-1.6990774479999997,0.9789825175521881,-0.7200949304478119,-2.6780599655521904,135900
-1.6102124399999989,-1.4526921199999991,-1.5555268,-1.7905415400000007,-1.7105304600000013,-1.830023599999999,-1.5070137600000022,-1.9472195999999975,-1.8713710600000002,-1.7593790599999994,-1.7034510439999995,0.9780634493523866,-0.7253875946476134,-2.681514493352389,136000
-1.6383835399999986,-1.4224543599999993,-1.51782544,-1.7979386600000007,-1.7419101000000015,-1.8471292599999989,-1.543393160000002,-2.0247445599999976,-1.84641954,-1.7511150199999994,-1.7131313639999997,0.9835086084022422,-0.729622755597758,-2.6966399724022447,136100
-1.6352859399999986,-1.4485211599999992,-1.50629168,-1.8103698200000005,-1.7156211800000014,-1.869675699999999,-1.5471239600000017,-2.0386741999999973,-1.8676205799999999,-1.7010392399999994,-1.714022346,0.9798424541999583,-0.734179891800042,-2.693864800199961,136200
-1.6373732199999986,-1.470721199999999,-1.5023423999999996,-1.8170154000000005,-1.7646295200000015,-1.799926979999999,-1.5428057200000018,-2.0693756799999976,-1.77810824,-1.7751625199999994,-1.715746088,0.9582486557326341,-0.7574974322673662,-2.673994743732637,136300
-1.6205857999999986,-1.485265379999999,-1.5061230399999999,-1.7914607600000005,-1.7839735000000017,-1.781075559999999,-1.5820068200000017,-2.0402530599999973,-1.7781269,-1.8114270799999996,-1.71802979,0.9591327848796746,-0.7588970051203258,-2.6771625748796772,136400
-1.6156760199999984,-1.5260622599999991,-1.5377209799999998,-1.7974323600000002,-1.8092562200000017,-1.806844539999999,-1.5951886400000017,-2.0024810999999976,-1.7598818000000003,-1.8261409399999997,-1.727668486,0.9616457107134738,-0.7660227752865265,-2.689314196713476,136500
-1.6052486799999983,-1.5444114999999992,-1.5487659999999996,-1.79235044,-1.7807938800000016,-1.8216031199999991,-1.6528377000000019,-1.9997395799999975,-1.7389373400000003,-1.8322447199999996,-1.7316932960000002,0.9710179726642325,-0.7606753233357679,-2.7027112686642347,136600
-1.5806362199999984,-1.543728339999999,-1.5312711599999997,-1.81858674,-1.7755995200000014,-1.8481174599999992,-1.6836355600000017,-1.9764643599999976,-1.75096744,-1.7977587599999996,-1.7306765560000001,0.9700566481916221,-0.7606199078083783,-2.700733204191624,136700
-1.5804551199999985,-1.577955079999999,-1.5132253399999995,-1.80577764,-1.7776588000000015,-1.862886159999999,-1.6895928200000014,-2.0021874799999977,-1.7501216,-1.8520866399999993,-1.7411946680000003,0.9788377658824614,-0.7623569021175389,-2.720032433882464,136800
-1.6176105999999983,-1.581886619999999,-1.4797194999999996,-1.81585462,-1.8324698000000015,-1.8510323999999991,-1.6899666800000015,-1.9813881999999976,-1.7666264200000001,-1.8220851399999995,-1.7438639980000001,0.9707148873880456,-0.7731491106119548,-2.714578885388048,136900
-1.6690006599999985,-1.605291339999999,-1.4763535799999996,-1.83985152,-1.8680919600000017,-1.834896479999999,-1.6382109000000014,-2.0427795599999974,-1.73356078,-1.8195332399999995,-1.752757002,0.978497210953522,-0.7742597910464782,-2.7312542129535244,137000
-1.7164560999999983,-1.585418219999999,-1.4844628599999996,-1.83426254,-1.8967161600000018,-1.870835959999999,-1.6157400000000015,-2.0005113599999977,-1.70306334,-1.8358211599999996,-1.75432877,0.9771180040646974,-0.777210765935303,-2.7314467740647,137100
-1.6436810999999982,-1.632978899999999,-1.5254885799999998,-1.82016208,-1.878534360000002,-1.8781749599999993,-1.6024125000000016,-2.0661677799999976,-1.70216126,-1.7959886599999997,-1.7545750180000002,0.9834775218431565,-0.7710974961568438,-2.738052539843159,137200
-1.6236786399999983,-1.5848415799999989,-1.5637967399999997,-1.81707186,-1.9226949600000018,-1.9064970599999993,-1.5524764600000014,-2.0605218399999976,-1.72813704,-1.8031695399999996,-1.7562885719999999,0.9848345450488167,-0.7714540269511836,-2.7411231170488195,137300
-1.6115820599999982,-1.5745752799999988,-1.5584227999999998,-1.7826998600000001,-1.9467626400000018,-1.887079879999999,-1.5381831200000013,-2.0187965399999976,-1.7167824999999999,-1.7762100399999994,-1.741109472,0.9893351838514083,-0.7517742881485922,-2.7304446558514117,137400
-1.577902899999998,-1.5595229999999989,-1.55176068,-1.8051109600000004,-1.9973335200000017,-1.8957280399999994,-1.5300680400000013,-1.9703796399999975,-1.67946606,-1.7625309799999993,-1.732980382,0.9883009039429299,-0.7446794780570702,-2.7212812859429336,137500
-1.6080831999999978,-1.597117719999999,-1.5615737599999997,-1.8130316200000005,-1.9756229400000016,-1.8951078799999994,-1.5456610200000014,-1.9665941399999978,-1.66722812,-1.7378624999999994,-1.73678829,0.9837741996453208,-0.7530140903546794,-2.720562489645325,137600
-1.6199190199999978,-1.6276110799999992,-1.59656132,-1.7860739600000002,-1.9362239000000017,-1.8907320199999993,-1.5519882200000013,-1.9663536799999974,-1.6708494800000002,-1.7208358399999995,-1.736714852,0.9836762197486429,-0.7530386322513573,-2.720391071748647,137700
-1.6217303799999976,-1.614665019999999,-1.5633432999999999,-1.78524224,-1.9365657800000016,-1.9438576799999994,-1.552804660000001,-2.0312903399999973,-1.6781516200000002,-1.7711420199999994,-1.749879304,1.0016957738179921,-0.748183530182008,-2.751575077817996,137800
-1.6345087799999976,-1.618256999999999,-1.5780013599999998,-1.81409728,-1.9438981000000017,-1.9515232599999992,-1.627797420000001,-1.9867896999999974,-1.6318800600000003,-1.8007943399999993,-1.75875473,1.0021387705699767,-0.7566159594300236,-2.7608935005699804,137900
-1.6885881199999975,-1.585877279999999,-1.5780318599999998,-1.80112644,-1.9410151200000019,-1.9486417799999993,-1.625919180000001,-1.9826682599999972,-1.6651975400000003,-1.8208449799999995,-1.763791056,1.010064475314419,-0.7537265806855811,-2.773855531314423,138000
-1.6844898199999974,-1.5867096199999988,-1.5737306199999999,-1.7673556,-1.9404350200000018,-2.016911419999999,-1.6416961400000012,-1.9844960999999972,-1.6645218800000003,-1.8510112399999994,-1.7711357460000001,1.0142321580666174,-0.7569035879333827,-2.7853679040666215,138100
-1.7303378599999975,-1.5982822199999989,-1.5651332799999997,-1.7165850999999999,-1.893209440000002,-2.0223004399999986,-1.685589500000001,-2.0455289399999974,-1.6732451200000003,-1.8436089599999994,-1.7773820860000002,1.021484604411638,-0.7558974815883623,-2.7988666904116424,138200
-1.7524499399999973,-1.621589939999999,-1.5547016,-1.7093597399999998,-1.919646420000002,-2.011062879999999,-1.6928464000000008,-2.0033133199999975,-1.6766243800000005,-1.8620634999999992,-1.7803658120000003,1.0199048306427907,-0.7604609813572094,-2.8002706426427952,138300
-1.7230448399999971,-1.6301567399999988,-1.585547,-1.7262116799999998,-1.898357880000002,-2.006206499999999,-1.7159683200000009,-1.9984014799999974,-1.6569183800000005,-1.8580187799999992,-1.7798831600000002,1.0170040826819218,-0.7628790773180784,-2.7968872426819265,138400
-1.7230937199999974,-1.6125680599999987,-1.59516672,-1.77947252,-1.906808320000002,-1.9338903599999993,-1.7218848400000006,-2.010544079999997,-1.6965397000000004,-1.8769936599999992,-1.7856961980000003,1.015228509534838,-0.7704676884651621,-2.8009247075348425,138500
-1.7319099599999976,-1.6063217799999987,-1.60126904,-1.75225696,-1.9025572800000021,-1.949404539999999,-1.7216758600000006,-1.9714653999999974,-1.6634773800000004,-1.8794298399999994,-1.7779768040000006,1.0022831321394465,-0.7756936718605535,-2.780259936139451,138600
-1.7782043999999977,-1.6288607399999986,-1.61962052,-1.74991382,-1.902311400000002,-1.954986439999999,-1.7670371800000007,-1.9514521599999972,-1.6266361000000003,-1.9427660399999993,-1.7921788800000005,1.0105044597891752,-0.7816744202108247,-2.8026833397891795,138700
-1.8027891799999978,-1.6217471399999985,-1.64044034,-1.68806252,-1.874592380000002,-1.889039699999999,-1.7610404400000008,-1.9489856399999972,-1.5886928000000002,-1.8960184199999994,-1.7711408560000006,0.9976268155756197,-0.7735140404243801,-2.7687676715756244,138800
-1.8986231999999978,-1.6144704599999986,-1.6916338,-1.7043289000000001,-1.8440428600000018,-1.8814801999999993,-1.8147696400000006,-1.9239377999999971,-1.60909768,-1.8545494199999997,-1.7836933960000008,1.0179358861652406,-0.7657575098347591,-2.801629282165245,138900
-1.9083765199999976,-1.6079756599999984,-1.7030938199999996,-1.73539544,-1.8571457000000018,-1.868220219999999,-1.8497268400000006,-1.905233519999997,-1.66344808,-1.7768898999999996,-1.7875505700000007,1.0048497590551162,-0.7827008109448836,-2.7924003290551203,139000
-1.9323534799999975,-1.6649821999999983,-1.7168125999999995,-1.7487884,-1.7722098600000018,-1.8379530599999994,-1.8768873000000006,-1.9373363399999968,-1.67738106,-1.8481324799999996,-1.801283678000001,0.9934288820581497,-0.8078547959418502,-2.7947125600581533,139100
-1.9630767799999977,-1.6680224399999983,-1.7438576199999993,-1.7563075600000002,-1.7565147400000019,-1.8044601799999993,-1.8787857000000006,-1.8966563999999968,-1.70901182,-1.9000864799999997,-1.8076779720000007,0.9860102004969409,-0.821667771503059,-2.7936881724969442,139200
-1.9262287599999979,-1.6644701399999982,-1.7386503799999995,-1.7741309200000004,-1.8009575600000016,-1.7946810199999994,-1.8996342200000007,-1.8951462199999969,-1.7121227200000002,-1.9353187799999996,-1.8141340720000008,0.9829515040524187,-0.8311825679475813,-2.7970855760524223,139300
-1.928926019999998,-1.6532556399999982,-1.7247306799999993,-1.7537216800000004,-1.8037758200000018,-1.8149848999999996,-1.8880327400000008,-1.882231199999997,-1.6837222399999998,-1.9612482199999994,-1.8094629140000007,0.983389240273972,-0.8260736737260279,-2.7928521542739753,139400
-1.9194538199999982,-1.633845319999998,-1.758089919999999,-1.7564154400000007,-1.815296520000002,-1.8669027999999994,-1.8686833600000006,-1.8757995999999972,-1.68998258,-1.9734366199999993,-1.8157905980000004,0.9891744111541011,-0.8266161868458987,-2.8049650091541043,139500
-1.9606815199999983,-1.6227279799999983,-1.741797059999999,-1.7706259800000006,-1.7568076200000022,-1.8672341999999993,-1.8749833400000007,-1.8267761199999972,-1.6782316800000001,-1.9720857799999993,-1.8071951280000003,0.9877489612937674,-0.8194461667062324,-2.7949440892937707,139600
-1.9329228599999981,-1.6326704399999983,-1.742683939999999,-1.7520087600000005,-1.8294546400000022,-1.9023383599999995,-1.8820937000000006,-1.7966718599999973,-1.68011638,-1.9773472799999994,-1.812830822,0.9934613559483207,-0.819369466051679,-2.806292177948324,139700
-1.9270596799999982,-1.6690054199999984,-1.7240183399999989,-1.7760221800000004,-1.795156640000002,-1.9526019199999993,-1.9476720800000007,-1.7649796799999973,-1.7092684400000002,-1.9684845999999994,-1.823426898,1.0062226476948037,-0.8172042503051961,-2.829649545694807,139800
-1.879129439999998,-1.6820767799999985,-1.7157527799999988,-1.7576683800000004,-1.800284020000002,-1.9147052599999992,-1.9221653800000007,-1.7544976199999973,-1.72798504,-1.9827939399999994,-1.813705864,1.00380347524955,-0.80990238875045,-2.8175093392495536,139900
-1.8724376199999981,-1.6379256999999985,-1.6503219599999988,-1.7936871400000003,-1.762566880000002,-1.8374883599999992,-1.8798899400000004,-1.7386987799999973,-1.72805652,-1.9913609799999994,-1.7892433879999998,0.9904068774811842,-0.7988365105188158,-2.779650265481188,140000
-1.925636979999998,-1.6778479799999986,-1.6601464599999989,-1.7559522200000004,-1.755330600000002,-1.8241980999999994,-1.9213430600000003,-1.7270212199999975,-1.7382162600000002,-2.01452034,-1.8000213219999999,0.9958948417622195,-0.8041264802377802,-2.795916163762223,140100
-1.9268161999999978,-1.7021195199999986,-1.7119347999999988,-1.7984592200000007,-1.7475182800000022,-1.8084100799999994,-1.9180107600000005,-1.7288153399999973,-1.73663256,-1.9844837599999996,-1.8063200519999998,1.0041456605083676,-0.8021743914916322,-2.810465712508371,140200
-1.953738339999998,-1.6984639999999984,-1.681141139999999,-1.7970696200000007,-1.794130940000002,-1.8770446799999994,-1.9003476200000002,-1.7116694599999973,-1.6588964800000001,-1.9526195399999997,-1.8025121819999999,0.9999518848963979,-0.802560297103602,-2.802464066896402,140300
-2.006621059999998,-1.6877311199999985,-1.6885409399999989,-1.7994031600000004,-1.794720220000002,-1.8663290599999993,-1.8750280400000003,-1.7045257399999971,-1.6574484800000002,-1.9152945,-1.7995642319999998,1.0061653243446649,-0.7933989076553349,-2.805729556344669,140400
-1.991054119999998,-1.6646964999999987,-1.692497159999999,-1.7798391200000006,-1.7702872200000022,-1.8818669799999992,-1.8568961800000003,-1.7104768799999974,-1.6891779000000002,-1.9050060400000002,-1.79417981,1.0091780933190706,-0.7850017166809293,-2.803357903319075,140500
-1.949140459999998,-1.6707217599999984,-1.6794853399999987,-1.7628828200000004,-1.7183887600000023,-1.8723220399999991,-1.8664859600000003,-1.7269269199999975,-1.6488961600000003,-1.8729868600000001,-1.776823708,1.0056158513487237,-0.771207856651276,-2.7824395593487283,140600
-1.969058159999998,-1.6860648999999983,-1.656270599999999,-1.7928179600000005,-1.7278687200000025,-1.8569578599999992,-1.8882893200000004,-1.6373218999999974,-1.63545286,-1.83708504,-1.7687187320000002,0.9993046788831006,-0.7694140531168991,-2.768023410883105,140700
-1.9851198399999979,-1.7336418799999982,-1.6713505399999988,-1.7648248200000003,-1.7707385600000023,-1.9119377999999991,-1.9082321400000004,-1.6968998799999975,-1.65408564,-1.8508495999999999,-1.7947680700000002,1.0079873270811686,-0.7867807429188314,-2.8027553970811727,140800
-1.990698159999998,-1.750730299999998,-1.7055292199999987,-1.7472919600000003,-1.7616709600000025,-1.9304061799999994,-1.8948231400000004,-1.7146256199999976,-1.6024063999999998,-1.8686172,-1.796679914,1.0012249155687387,-0.7954549984312613,-2.7979048295687425,140900
-2.070948299999998,-1.7318923799999981,-1.6988651799999988,-1.7728127400000002,-1.7812920000000025,-1.9804088399999993,-1.9039142800000004,-1.7115489199999976,-1.5889193799999999,-1.8680264200000003,-1.810862844,1.0136384566668766,-0.7972243873331234,-2.82450130066688,141000
-2.032282239999998,-1.7592623799999982,-1.7163668599999988,-1.7569090800000005,-1.7584237800000024,-1.9527295199999992,-1.8951297400000007,-1.6854571999999977,-1.6063262,-1.93071146,-1.8093598460000002,1.0149096404831817,-0.7944502055168181,-2.8242694864831854,141100
-2.039579059999998,-1.7493153599999982,-1.688899059999999,-1.7401730000000004,-1.7669649200000024,-1.9181329999999992,-1.9008507200000009,-1.6797073599999977,-1.57500002,-1.9428131599999998,-1.8001435659999998,1.0123462284930018,-0.7877973375069981,-2.8124897944930054,141200
-2.039739439999998,-1.7752044199999983,-1.672270559999999,-1.7540841200000004,-1.7500742800000024,-1.962574419999999,-1.9038940800000008,-1.6928406399999978,-1.5561453,-1.9170302999999995,-1.8023857559999998,1.0146724004587286,-0.7877133555412711,-2.8170581564587325,141300
-2.054208779999998,-1.7931024599999983,-1.6444637599999987,-1.7668102200000004,-1.7742418200000023,-1.962781799999999,-1.846521440000001,-1.6843358599999976,-1.56266988,-1.9112861599999993,-1.8000422179999997,1.010185057730975,-0.7898571602690246,-2.8102272757309787,141400
-2.049839079999998,-1.7665586599999983,-1.5958553599999987,-1.7737344800000006,-1.7372738400000023,-1.986290599999999,-1.803856760000001,-1.6978211399999978,-1.5848896799999996,-1.8881818599999993,-1.7884301459999998,1.0049246914276277,-0.7835054545723721,-2.793354837427631,141500
-2.037212719999998,-1.7471955599999984,-1.5783757799999987,-1.7625534600000006,-1.7466317800000024,-1.9645777599999987,-1.730786500000001,-1.6914070799999976,-1.5831791399999997,-1.8475521199999994,-1.7689471899999996,0.9929273851217014,-0.7760198048782982,-2.761874575121705,141600
-2.034173819999998,-1.7664098599999987,-1.5964899799999985,-1.7781418800000006,-1.7931324200000025,-1.954096299999999,-1.7183425600000009,-1.7172887999999975,-1.5707877599999998,-1.8858683399999996,-1.7814731719999994,0.9946643243495501,-0.7868088476504496,-2.7761374963495538,141700
-2.068735539999998,-1.7515817399999987,-1.6058485599999985,-1.7948479200000005,-1.7968782000000025,-1.970095519999999,-1.736728620000001,-1.6865066599999974,-1.5699463799999998,-1.8618616399999997,-1.7843030779999995,0.9870926521007096,-0.7972104258992901,-2.7713957301007133,141800
-2.041531499999998,-1.7615249199999985,-1.6004525799999985,-1.8083568200000009,-1.7692953400000024,-1.9885265799999987,-1.708967540000001,-1.6962112199999977,-1.57063856,-1.9227814999999995,-1.7868286559999995,0.995059357586927,-0.7917692984130728,-2.7818880135869306,141900
-2.014219319999998,-1.7069543999999985,-1.5842545399999983,-1.8246059600000009,-1.7190219600000023,-1.9850820799999989,-1.692594800000001,-1.6406710199999974,-1.58660562,-1.9317170199999996,-1.7685726719999995,0.9875700030615714,-0.7810026689384283,-2.7561426750615756,142000
-1.968683919999998,-1.7307865199999983,-1.5687158599999984,-1.799180960000001,-1.7015234200000022,-1.9619561799999987,-1.693533280000001,-1.6283093399999973,-1.5815097800000002,-1.8873305199999997,-1.7521529779999994,0.9819135434445507,-0.770239434555449,-2.7340665214445545,142100
-2.023835679999998,-1.6833770199999984,-1.4902316199999985,-1.767805140000001,-1.7008577400000022,-1.948747279999999,-1.7482386200000009,-1.5696753199999973,-1.5972464400000002,-1.8789128399999995,-1.7408927699999992,0.9780527148724754,-0.7628400551275244,-2.7189454848724792,142200
-2.067533439999998,-1.6950537599999984,-1.4458902599999985,-1.7962552000000012,-1.648780820000002,-1.892854899999999,-1.7678001600000008,-1.6364975799999975,-1.6297790200000002,-1.8803490999999994,-1.7460794239999993,0.9856282970401642,-0.7604511269598356,-2.731707721040168,142300
-2.095319919999998,-1.6886733999999983,-1.4490740799999984,-1.795993060000001,-1.613061140000002,-1.9413908599999992,-1.793258580000001,-1.6584340799999973,-1.6204103400000003,-1.9021390799999995,-1.755775453999999,0.9840396987357104,-0.7717357552642894,-2.739815152735714,142400
-2.109768419999998,-1.6931362399999983,-1.4856997199999984,-1.7648716800000008,-1.5582714200000019,-1.937683859999999,-1.8059775400000009,-1.658682039999997,-1.6198451600000001,-1.8788161599999995,-1.751275223999999,0.9789814137759979,-0.772293810224002,-2.730256637776001,142500
-2.124005159999998,-1.6554604199999983,-1.4851631599999984,-1.757826560000001,-1.5478739400000017,-1.9589530799999992,-1.8520401400000008,-1.6629125999999972,-1.63941216,-1.9384214399999993,-1.762206865999999,0.9924035360578606,-0.7698033299421393,-2.754610402057864,142600
-2.0847018599999982,-1.6478218999999985,-1.4798947399999982,-1.7732422000000012,-1.5609141600000018,-1.9972707799999991,-1.8493187200000012,-1.6496803599999972,-1.6322483399999999,-1.9218996599999993,-1.759699271999999,0.991323256335763,-0.7683760156642369,-2.7510225283357657,142700
-2.099517979999998,-1.6919127199999986,-1.5453528399999985,-1.8198152200000013,-1.5536846200000016,-1.9824625799999993,-1.8524519800000012,-1.5776096599999974,-1.6512626799999999,-1.8715561399999994,-1.7645626419999991,0.9837493933860998,-0.7808132486139001,-2.748312035386103,142800
-2.1001266199999984,-1.7363263799999984,-1.6065671599999984,-1.7695257400000015,-1.5547216600000016,-2.006639259999999,-1.8034422400000012,-1.5648147599999973,-1.6595643599999996,-1.8359270599999993,-1.7637655239999992,0.9775721443171373,-0.7861933796828626,-2.741337668317141,142900
-2.0497344199999983,-1.7615697599999984,-1.5975751399999987,-1.7749563200000014,-1.5214993800000016,-1.9995728799999992,-1.812691160000001,-1.5910387599999973,-1.6248374599999997,-1.7975565799999993,-1.7531031859999993,0.9636221458273379,-0.7894810401726622,-2.7167253318273414,143000
-2.0413970999999984,-1.7880823599999984,-1.5976246999999986,-1.7490357600000013,-1.5275533400000014,-1.9408165799999992,-1.815231460000001,-1.5964139999999971,-1.5892447999999997,-1.7652838599999994,-1.741068395999999,0.9545975207610262,-0.7864708752389737,-2.6956659167610297,143100
-2.0409465399999984,-1.7661646199999985,-1.5914591599999988,-1.7844196200000013,-1.5515191600000013,-1.9175361599999994,-1.798494500000001,-1.4899465999999972,-1.5694814999999998,-1.7406030399999992,-1.725057089999999,0.9440213215876888,-0.7810357684123109,-2.669078411587692,143200
-2.0115687199999983,-1.7087387999999983,-1.5869367199999989,-1.8106733400000012,-1.5419454400000012,-1.9780897399999993,-1.791755000000001,-1.484737419999997,-1.5530942799999996,-1.7264098199999993,-1.7193949279999992,0.9454837727760819,-0.7739111552239178,-2.6648787007760846,143300
-2.036194759999998,-1.6785742399999988,-1.5919714599999986,-1.7895088000000012,-1.5556933000000013,-1.9851257599999994,-1.798198840000001,-1.520948259999997,-1.5455483799999996,-1.7676668599999994,-1.7269430659999991,0.956295851381891,-0.7706472146181086,-2.683238917381894,143400
-2.0616141999999984,-1.6746662599999989,-1.5972715199999987,-1.7509304600000013,-1.5785837000000011,-2.030599879999999,-1.8013717000000011,-1.4983080199999972,-1.4849291599999999,-1.7721070599999995,-1.7250381959999992,0.9508352609562029,-0.7742029350437969,-2.6758734569562055,143500
-2.0527754999999983,-1.7044808999999987,-1.570562839999999,-1.739604660000001,-1.547280640000001,-2.063227419999999,-1.8205478600000011,-1.4970782599999972,-1.4665133,-1.7614071199999994,-1.7223478499999991,0.9632441671125566,-0.7591036828874432,-2.685592017112559,143600
-2.012376759999998,-1.7012300199999983,-1.579294139999999,-1.733737160000001,-1.563720260000001,-2.036643099999999,-1.7979564000000012,-1.5040457199999975,-1.46815246,-1.7601975799999996,-1.7157353599999992,0.9566064867440528,-0.7591288732559469,-2.6723418467440556,143700
-2.0104661999999984,-1.7046493999999983,-1.577397299999999,-1.769288120000001,-1.5669817600000013,-2.063421719999999,-1.8422905200000015,-1.5417293399999974,-1.48270178,-1.7867459399999996,-1.7345672079999988,0.9536988426658928,-0.7808683653341069,-2.688266050665896,143800
-1.9353302999999986,-1.6880900999999986,-1.556417339999999,-1.7493193400000009,-1.6020054200000016,-2.046167639999999,-1.8148598600000014,-1.5479618999999973,-1.49390526,-1.7906120999999997,-1.7224669259999987,0.9343581344130638,-0.7881087915869359,-2.656825060413067,143900
-1.9815321599999987,-1.7285815799999986,-1.5357523199999992,-1.763902140000001,-1.6139519600000016,-2.040160779999999,-1.8011968200000013,-1.5555529199999976,-1.47274578,-1.7977367999999998,-1.7291113259999986,0.9400133722582179,-0.7890979537417817,-2.6691246982582215,144000
-1.9870757999999988,-1.6733907399999988,-1.5393089999999992,-1.7766458000000012,-1.5918675800000017,-2.065225919999999,-1.7915517200000013,-1.5336598399999977,-1.47318676,-1.7514023399999996,-1.7183315499999987,0.9371445449446163,-0.7811870050553832,-2.65547609494462,144100
-1.9641913199999987,-1.6483191199999987,-1.5397433599999995,-1.820113060000001,-1.5643731000000016,-2.0870781799999993,-1.7921805800000012,-1.5597159799999978,-1.4964795399999997,-1.7202464799999995,-1.7192440719999988,0.9400675814228231,-0.7791764905771764,-2.6593116534228267,144200
-1.9847062199999987,-1.611982019999999,-1.5526675399999994,-1.834702940000001,-1.5136639800000018,-2.166585079999999,-1.7758720400000012,-1.528563759999998,-1.4837793599999995,-1.6985844799999996,-1.715110741999999,0.9513078702575203,-0.7638028717424791,-2.666418612257524,144300
-1.9924852399999986,-1.592885059999999,-1.5923177999999996,-1.8318856800000012,-1.5432948400000017,-2.137932259999999,-1.8284381400000012,-1.5814798399999979,-1.4984512199999998,-1.6558181599999997,-1.7254988239999989,0.9543134393148864,-0.771185384685113,-2.6798122633148904,144400
-2.0051317199999987,-1.6277989799999988,-1.5729453999999998,-1.820246900000001,-1.5498623800000018,-2.090659799999999,-1.8175966000000014,-1.5856566199999977,-1.52855598,-1.6423636199999998,-1.724081799999999,0.9460469512383993,-0.7780348487616001,-2.670128751238403,144500
-1.9383706599999986,-1.6470258599999987,-1.5535584599999999,-1.8101931800000008,-1.5382131400000016,-2.139816899999999,-1.7958805200000014,-1.6110707799999977,-1.5130803999999998,-1.6295101799999998,-1.7176720079999992,0.9441681442774261,-0.7735038637225733,-2.6618401522774295,144600
-1.9924889399999985,-1.6595187399999989,-1.55528418,-1.8286728200000006,-1.4557901000000018,-2.1210312199999994,-1.8083446800000014,-1.6110381999999976,-1.5764959399999998,-1.6679236199999996,-1.7276588439999996,0.9464807344148676,-0.7811781095851319,-2.674139578414871,144700
-1.9798620599999988,-1.661576939999999,-1.58942984,-1.7809760400000008,-1.4744110800000017,-2.083899699999999,-1.7637017800000012,-1.6548784199999977,-1.5837643399999997,-1.6795877199999998,-1.7252087919999994,0.9349866762321456,-0.790222115767854,-2.660195468232149,144800
-1.9917719199999988,-1.6742368599999988,-1.566145,-1.799732960000001,-1.4445416800000017,-2.1155738999999993,-1.7954896200000012,-1.647794659999998,-1.5566821999999996,-1.6894836399999997,-1.7281452439999996,0.9381113600080928,-0.7900338839919067,-2.666256604008096,144900
-1.9987421999999986,-1.691689299999999,-1.57490946,-1.773566920000001,-1.4654717200000018,-2.0978745999999995,-1.8017017200000014,-1.657544059999998,-1.5774833799999997,-1.6602337199999997,-1.7299217079999993,0.9309439246233171,-0.7989777833766825,-2.6608656326233207,145000
-1.9417243599999987,-1.649583159999999,-1.57209888,-1.782084240000001,-1.4817070000000019,-2.1185113599999994,-1.7863693400000014,-1.6637255399999982,-1.5838094599999997,-1.6286631999999994,-1.7208276539999994,0.9264804702952647,-0.7943471837047348,-2.647308124295268,145100
-1.9521751799999987,-1.6395240199999992,-1.5571800800000002,-1.7390815000000008,-1.533646720000002,-2.132804079999999,-1.7835241600000016,-1.671573939999998,-1.5848503599999995,-1.6379877999999994,-1.7232347839999995,0.9212908318350712,-0.8019439521649282,-2.6445256158350747,145200
-1.9229482799999988,-1.6542695599999993,-1.5712316800000001,-1.7786158400000007,-1.491938300000002,-2.1033524799999994,-1.7606571800000017,-1.714618799999998,-1.6158174999999995,-1.6522927999999992,-1.7265742419999994,0.9225684024208799,-0.8040058395791193,-2.649142644420883,145300
-1.901732239999999,-1.6741614999999994,-1.5618709000000004,-1.788264700000001,-1.491837040000002,-2.1215650399999997,-1.7441045200000018,-1.7291421199999981,-1.6451607399999995,-1.6869485799999993,-1.7344787379999993,0.9172666457643472,-0.8172120922356519,-2.6517453837643505,145400
-1.8871654599999992,-1.6958292799999992,-1.5557114200000004,-1.772374340000001,-1.500287460000002,-2.1030594199999997,-1.7556529400000018,-1.744362019999998,-1.6120449399999992,-1.699323799999999,-1.7325811079999993,0.9114443953112061,-0.8211367126887932,-2.6440255033112097,145500
-1.910331199999999,-1.6953246199999992,-1.5503246000000004,-1.825723320000001,-1.5601082200000023,-2.0970456399999997,-1.7641919400000017,-1.728453139999998,-1.6357069799999993,-1.7382032799999991,-1.7505412939999994,0.9172841559685052,-0.8332571380314939,-2.6678254499685092,145600
-1.866239999999999,-1.7129467799999991,-1.5464266800000004,-1.8343266400000011,-1.5548245400000023,-2.13260686,-1.7526803000000015,-1.749434919999998,-1.6696906799999993,-1.750201159999999,-1.7569378559999993,0.9158227868603295,-0.8411150691396696,-2.672760642860333,145700
-1.8699419799999992,-1.6656345599999995,-1.5672377200000005,-1.834076280000001,-1.5285385800000022,-2.08803452,-1.7916303800000015,-1.6951366199999978,-1.6707007999999997,-1.7168360599999988,-1.742776749999999,0.9125084845305564,-0.8302682654694425,-2.6552852345305604,145800
-1.849153559999999,-1.6682360999999994,-1.5967568600000006,-1.828825420000001,-1.5621891600000024,-2.08317156,-1.7795780200000015,-1.6640628799999977,-1.6715131799999998,-1.7058615599999987,-1.7409348299999992,0.9206886883051717,-0.820246141694827,-2.6616235183051757,145900
-1.8131954799999992,-1.6817930599999997,-1.5986410600000007,-1.8331705800000009,-1.6002318200000025,-1.9959428799999999,-1.7942378600000015,-1.6392577799999974,-1.6644050999999995,-1.6479148399999988,-1.7268790459999992,0.9106677774928804,-0.8162112685071184,-2.637546823492885,146000
-1.8212807999999994,-1.6859703199999998,-1.5758633200000007,-1.813271000000001,-1.5963152200000024,-1.9866820799999996,-1.8163541400000014,-1.5879213399999974,-1.6511593799999995,-1.591693039999999,-1.712651063999999,0.902571785467089,-0.81007927853291,-2.6152228494670933,146100
-1.8608534999999995,-1.6577331199999998,-1.585717040000001,-1.8190532800000012,-1.6187593800000024,-1.9848985199999996,-1.7791564600000012,-1.5726947399999975,-1.6915039399999996,-1.614122979999999,-1.718449295999999,0.9138782412037318,-0.8045710547962672,-2.6323275372037362,146200
-1.8732916799999995,-1.6314599799999996,-1.5769723400000009,-1.7954197400000012,-1.5886065200000024,-1.9539209599999998,-1.8047621400000011,-1.5430445199999974,-1.6873427399999994,-1.6019027799999992,-1.7056723399999993,0.9102678984983846,-0.7954044415016144,-2.6159402384983887,146300
-1.8676574999999993,-1.6135142399999995,-1.609584000000001,-1.8458302200000012,-1.6289335000000023,-1.9339561399999996,-1.805711820000001,-1.5439391799999975,-1.7230377399999994,-1.5803114199999992,-1.7152475759999992,0.9200399830147613,-0.7952075929852376,-2.635287559014766,146400
-1.8591414999999996,-1.6148563999999994,-1.603125300000001,-1.8365547200000012,-1.6520094000000023,-1.9009025999999998,-1.814375280000001,-1.5597980199999975,-1.7147440399999996,-1.6332781399999994,-1.7188785399999993,0.9217473931130432,-0.7971311468869555,-2.640625933113048,146500
-1.8695773999999994,-1.6350256999999992,-1.615150240000001,-1.8360131200000012,-1.6307533800000023,-1.88236842,-1.826498100000001,-1.5655404599999974,-1.7194531599999996,-1.6394661199999994,-1.7219846099999991,0.9233100612517332,-0.7986745487482658,-2.6452946712517376,146600
-1.8801912599999995,-1.6026464399999991,-1.599697560000001,-1.8311441200000014,-1.5846814600000019,-1.86586096,-1.874241140000001,-1.5226627199999976,-1.7043594999999996,-1.6634341599999993,-1.7128919319999991,0.9318573485594874,-0.7810345834405116,-2.644749280559492,146700
-1.8580370199999996,-1.5863551799999993,-1.639260400000001,-1.8061835600000011,-1.594466200000002,-1.87675558,-1.8541335200000009,-1.5405141399999978,-1.7213858599999998,-1.6620013799999993,-1.7139092839999992,0.9377690228955788,-0.7761402611044201,-2.6516783068955836,146800
-1.8620121199999997,-1.5657041399999994,-1.6762300000000012,-1.7716679600000012,-1.578042060000002,-1.8207784600000003,-1.8892448000000008,-1.5625671999999975,-1.7222658999999996,-1.5939490199999995,-1.7042461659999992,0.9354860790762501,-0.7687600869237489,-2.639732245076255,146900
-1.8222319999999996,-1.5899996799999994,-1.6905562200000015,-1.7730700400000012,-1.5640329400000021,-1.8652468000000002,-1.9031259400000007,-1.5513930399999976,-1.7294302999999998,-1.5835619399999996,-1.7072648899999994,0.9379147270946181,-0.7693501629053808,-2.6451796170946227,147000
-1.8236804599999996,-1.5922487599999995,-1.6975027600000012,-1.7645085600000012,-1.5621387000000022,-1.84622988,-1.9138019000000008,-1.5539348799999977,-1.7323803399999997,-1.6280083999999997,-1.7114434639999994,0.9353684221891464,-0.7760750418108525,-2.646811886189151,147100
-1.8206233599999997,-1.6219260799999993,-1.6999074600000013,-1.7836394800000013,-1.5548063400000023,-1.83811318,-1.8754007400000008,-1.5386618799999976,-1.7172623599999997,-1.7056906199999997,-1.7156031499999995,0.9384674075137961,-0.7771357424862027,-2.654070557513801,147200
-1.7764073999999996,-1.6383481799999993,-1.6994050800000011,-1.7570923600000012,-1.6259021600000025,-1.84947132,-1.8793396600000012,-1.4964803199999976,-1.6957744999999997,-1.6713965599999998,-1.7089617539999995,0.9291290063145395,-0.7798327476854591,-2.6380907603145443,147300
-1.7789988599999997,-1.6960379599999993,-1.6607195800000012,-1.7537230200000014,-1.6269909600000028,-1.8293946999999997,-1.9046693800000012,-1.4646092199999978,-1.7106852399999997,-1.6810666199999997,-1.7106895539999996,0.9368705709273398,-0.773818983072659,-2.6475601249273444,147400
-1.7634093199999998,-1.7409848399999992,-1.677368880000001,-1.7841113800000015,-1.6616539800000028,-1.8300530999999995,-1.889528700000001,-1.486466699999998,-1.7029344999999998,-1.6831436199999998,-1.7219655019999995,0.9421745392300813,-0.7797909627699174,-2.6641400412300857,147500
-1.7119687,-1.759340679999999,-1.6999565200000009,-1.8020400200000015,-1.6545911600000027,-1.8235246599999995,-1.858273400000001,-1.514114499999998,-1.68406454,-1.6205653599999998,-1.7128439539999996,0.9244069198617916,-0.7884370341382073,-2.6372508738617957,147600
-1.7539488399999998,-1.7337203599999989,-1.6683287400000009,-1.8285946400000015,-1.6305163800000029,-1.8335703999999993,-1.8257238400000009,-1.514366579999998,-1.72288364,-1.6357798,-1.7147433219999997,0.9310847780196159,-0.7836585439803829,-2.64582810001962,147700
-1.7518428799999999,-1.668917119999999,-1.6135885200000006,-1.7768396600000014,-1.640637560000003,-1.817820739999999,-1.8100810000000007,-1.5204189599999978,-1.7094465600000002,-1.64709588,-1.6956688879999995,0.9228182371988697,-0.7728506508011291,-2.618487125198874,147800
-1.7411504399999995,-1.642220919999999,-1.5695555400000005,-1.7795479400000014,-1.604879900000003,-1.8020549599999989,-1.782664360000001,-1.5171393599999978,-1.7062222400000002,-1.67691868,-1.6822354339999996,0.9111366247584302,-0.7710988092415687,-2.5933720587584346,147900
-1.7344386799999996,-1.630356439999999,-1.5679562800000009,-1.7363621600000014,-1.5924989800000027,-1.803528319999999,-1.7853244800000008,-1.517384759999998,-1.73114808,-1.67224052,-1.6771238699999995,0.9090834795908286,-0.7680403904091702,-2.5862073495908326,148000
-1.7537741199999997,-1.6056810199999993,-1.542654200000001,-1.7552946000000014,-1.5656493600000028,-1.8128956999999992,-1.7710151400000007,-1.512106299999998,-1.7103960599999999,-1.69672504,-1.6726191539999997,0.9146345966093928,-0.757984557390606,-2.5872537506093973,148100
-1.74449708,-1.592030119999999,-1.5775264400000009,-1.7102911000000014,-1.551044340000003,-1.8235193799999991,-1.7932347800000008,-1.539450639999998,-1.7118495599999997,-1.7913459,-1.6834789339999994,0.9254678753950699,-0.758011058604929,-2.6089468093950745,148200
-1.76988488,-1.6100216799999993,-1.599024960000001,-1.6810423200000013,-1.556973100000003,-1.784009359999999,-1.785400400000001,-1.537435259999998,-1.7234009399999997,-1.80189522,-1.6849088119999993,0.9194252849597955,-0.7654835270402035,-2.6043340969598,148300
-1.7618327999999999,-1.6346108999999993,-1.583570740000001,-1.7374056800000013,-1.5746331200000028,-1.791615079999999,-1.7565124200000009,-1.4861819599999981,-1.7295557799999997,-1.74606686,-1.6801985339999994,0.9130755274514383,-0.7671230065485607,-2.5932740614514427,148400
-1.7554287199999998,-1.6688717599999991,-1.610617100000001,-1.7354905400000014,-1.5706123200000028,-1.768518779999999,-1.786656620000001,-1.460013839999998,-1.7448016399999997,-1.7506489399999998,-1.6851660259999994,0.9174027205589824,-0.7677633054410165,-2.602568746558987,148500
-1.7864549999999997,-1.676942439999999,-1.634511540000001,-1.7729909200000014,-1.573910820000003,-1.7357579799999994,-1.7927889600000009,-1.463723439999998,-1.7728203999999996,-1.8158028599999998,-1.7025704359999994,0.9168025215874622,-0.7857679144125366,-2.6193729575874665,148600
-1.8033022399999998,-1.6637506999999994,-1.627336180000001,-1.7685071600000015,-1.5969356600000029,-1.7433487799999994,-1.7934483000000008,-1.4502884799999978,-1.8008401199999997,-1.8062717999999998,-1.7054029419999994,0.9168113657565934,-0.7885915762434056,-2.622214307756597,148700
-1.8100810599999997,-1.6915085199999995,-1.5798848600000008,-1.7720337000000015,-1.605150140000003,-1.7158189199999996,-1.756385160000001,-1.4149612599999977,-1.77796114,-1.7651686599999998,-1.6888953419999995,0.9233084317812387,-0.7655869102187602,-2.6122037737812422,148800
-1.8290714199999996,-1.7036378599999995,-1.577917760000001,-1.7688510000000017,-1.6031907000000027,-1.7548885799999996,-1.789238660000001,-1.4102083799999976,-1.77146186,-1.8071097799999998,-1.7015575999999997,0.9268225884871596,-0.7747350115128394,-2.628380188487163,148900
-1.7969068199999996,-1.6683555799999996,-1.611899760000001,-1.7427528600000017,-1.5905486400000026,-1.7445779799999996,-1.8053749800000007,-1.4376475999999976,-1.73625842,-1.8408982999999999,-1.6975220939999998,0.925418966087441,-0.7721031279125582,-2.6229410600874443,149000
-1.7540799599999994,-1.7296185399999997,-1.5957007800000007,-1.7411357000000016,-1.6270909000000027,-1.7440187799999995,-1.779907960000001,-1.4258735799999978,-1.7262771399999999,-1.81667686,-1.6940380199999996,0.9319684479384982,-0.7620695720615009,-2.626006467938502,149100
-1.7348702999999994,-1.7517607999999996,-1.5909933600000008,-1.6897265000000017,-1.6657662800000028,-1.7167783999999997,-1.7505759000000012,-1.427806579999998,-1.6873914200000002,-1.8856433800000003,-1.6901312919999996,0.94194699470611,-0.7481842972938892,-2.6320782867061143,149200
-1.6928593199999995,-1.7626580399999994,-1.6048573400000006,-1.6973114400000013,-1.7182655800000028,-1.6619419599999994,-1.739697680000001,-1.4853942999999978,-1.6816991800000003,-1.9029945600000002,-1.6947679399999995,0.9316202572894626,-0.7631476827105367,-2.626388197289467,149300
-1.7049723799999996,-1.7865462599999995,-1.5888171800000006,-1.7213821600000014,-1.6980111200000028,-1.6780450799999995,-1.724852340000001,-1.4436940999999979,-1.6459208600000002,-1.9582147,-1.6950456179999995,0.9300745890701866,-0.7649710289298126,-2.625120207070191,149400
-1.7022911199999995,-1.7994379999999994,-1.5786756800000006,-1.7280172800000013,-1.7178447600000026,-1.6773968599999995,-1.7196001200000008,-1.4720724199999977,-1.6103706200000003,-1.99186068,-1.6997567539999994,0.938032993595899,-0.7617237604041003,-2.6377897475959036,149500
-1.7111656799999997,-1.8288420399999996,-1.624852760000001,-1.7349822400000015,-1.7579177000000028,-1.6323937999999996,-1.7105566000000008,-1.4458104999999977,-1.6476779400000001,-1.9921047800000002,-1.7086304039999993,0.9459123834359319,-0.7627180205640675,-2.6545427874359366,149600
-1.6958525399999997,-1.8371181199999995,-1.6351394000000008,-1.7372343600000015,-1.8043521600000028,-1.6356925399999995,-1.699506020000001,-1.4462778399999978,-1.5821464400000003,-1.9585366000000002,-1.7031856019999991,0.9365686961335542,-0.7666169058664449,-2.639754298133559,149700
-1.7594462999999996,-1.7903909999999996,-1.6301779600000008,-1.7683163200000018,-1.829894440000003,-1.6482460599999995,-1.649158580000001,-1.435483419999998,-1.5632102000000003,-1.9475473600000002,-1.7021871639999993,0.9474587418995479,-0.7547284221004513,-2.6496459058995527,149800
-1.7635254199999995,-1.7452180399999995,-1.649954560000001,-1.729656020000002,-1.838011840000003,-1.6177079399999994,-1.6400998600000007,-1.452349099999998,-1.5514967800000001,-1.96867136,-1.695669091999999,0.9436934583356182,-0.7519756336643809,-2.639362550335623,149900
-1.7495207399999995,-1.7425364199999993,-1.6563893600000008,-1.7167918200000019,-1.840054260000003,-1.6417093399999994,-1.636292120000001,-1.4466949999999976,-1.5660372600000003,-1.9823937400000002,-1.697842005999999,0.9460148139264564,-0.7518271920735426,-2.6438568199264614,150000
-1.7511031199999996,-1.773748899999999,-1.6585403000000007,-1.7487334800000018,-1.834277480000003,-1.6347965399999993,-1.6242906600000009,-1.4522969399999976,-1.5565494600000003,-2.0265849000000005,-1.706092177999999,0.9448250987114197,-0.7612670792885795,-2.650917276711425,150100
-1.7550140599999997,-1.774646599999999,-1.6356111200000008,-1.7645094400000019,-1.782695840000003,-1.7257546399999992,-1.6807888800000008,-1.4306866999999976,-1.51333658,-2.0187119000000004,-1.708175575999999,0.9643123159261782,-0.7438632600738211,-2.6724878919261834,150200
-1.7946263399999995,-1.773427759999999,-1.6258159200000006,-1.7074993800000018,-1.801952160000003,-1.6663507199999992,-1.6872524800000008,-1.3917342599999978,-1.49097322,-1.9964562400000005,-1.693608847999999,0.9485809940277247,-0.7450278539722747,-2.6421898420277303,150300
-1.7877569199999994,-1.728654519999999,-1.6304370400000006,-1.7088532000000018,-1.8051858200000028,-1.6277193199999993,-1.7491306200000007,-1.3983492399999977,-1.45985358,-2.0158269400000006,-1.6911767199999987,0.9590324957998837,-0.7321442242001157,-2.650209215799889,150400
-1.8211417999999993,-1.7185945599999988,-1.6387320600000006,-1.7393805400000018,-1.853132620000003,-1.6294820599999995,-1.753009840000001,-1.3913641599999977,-1.4625012200000003,-1.9983196800000007,-1.700565853999999,0.9658676828907206,-0.7346981711092788,-2.6664335368907257,150500
-1.8088658999999994,-1.7292138999999989,-1.6480615600000008,-1.6835511000000016,-1.834534040000003,-1.6543053399999994,-1.7694915200000008,-1.3946181199999976,-1.4336913600000003,-2.008886140000001,-1.6965218979999992,0.9662204994978895,-0.7303013985021098,-2.6627423974978943,150600
-1.8321994999999993,-1.761111399999999,-1.6316861800000007,-1.6493637400000016,-1.805578560000003,-1.6113534999999992,-1.7654026600000008,-1.3913628599999976,-1.4104153600000005,-2.0009846600000007,-1.6859458419999993,0.9655455093542338,-0.7204003326457655,-2.6514913513542386,150700
-1.8213081999999992,-1.7930395999999988,-1.6082919200000005,-1.674952560000002,-1.819866200000003,-1.6076424199999995,-1.714567600000001,-1.3692767999999975,-1.4373239400000006,-2.033459540000001,-1.6879728779999994,0.9630162353086352,-0.7249566426913642,-2.6509891133086403,150800
-1.8463359199999991,-1.7782842999999988,-1.5953455000000005,-1.6688247000000018,-1.795596200000003,-1.6222683199999994,-1.758039420000001,-1.4203059599999976,-1.4557906800000007,-2.091607600000001,-1.7032398599999994,0.9641035058647398,-0.7391363541352596,-2.667343365864745,150900
-1.8154193999999992,-1.7854286399999986,-1.6294477000000007,-1.6578647600000018,-1.769848420000003,-1.6339115199999994,-1.7146333800000009,-1.427174239999998,-1.5267808000000005,-2.1066260400000005,-1.7067134899999994,0.9643633908007253,-0.7423500991992741,-2.6710768808007304,151000
-1.817478319999999,-1.7633868599999984,-1.6207130800000007,-1.6499846800000018,-1.792485780000003,-1.6295387799999994,-1.6880584400000007,-1.4749392799999979,-1.5459116600000005,-2.146496200000001,-1.7128993079999995,0.9721076241893772,-0.740791683810622,-2.6850069321893826,151100
-1.780104619999999,-1.8612854599999986,-1.6032665600000007,-1.6956061800000017,-1.7510895600000032,-1.6312985999999996,-1.6832818400000007,-1.467403339999998,-1.5257841400000003,-2.1260382200000008,-1.7125158519999994,0.9797996905890166,-0.7327161614109826,-2.692315542589022,151200
-1.740692739999999,-1.8565431799999987,-1.6295912400000008,-1.7198664600000015,-1.7768801800000031,-1.6117634599999995,-1.6647603600000007,-1.450015619999998,-1.5556654200000002,-2.107259520000001,-1.7113038179999995,0.9736239365732555,-0.7376798814267437,-2.6849277545732604,151300
-1.735782659999999,-1.868964179999999,-1.6045267800000012,-1.6833124800000017,-1.7378672800000032,-1.6090269999999995,-1.6673490800000008,-1.489034179999998,-1.5487351600000003,-2.122220600000001,-1.7066819399999995,0.9629760290662991,-0.7437059109337004,-2.6696579690663036,151400
-1.728879599999999,-1.879682179999999,-1.6124924400000011,-1.7225606600000014,-1.7309021200000032,-1.6196903199999995,-1.6715732400000007,-1.477448559999998,-1.54772262,-2.0765594000000007,-1.7067511139999993,0.9601639909158786,-0.7465871230841209,-2.666915104915883,151500
-1.707074659999999,-1.8945870399999987,-1.6049817200000012,-1.7507678600000014,-1.7432071200000032,-1.679285499999999,-1.6932054000000007,-1.486261139999998,-1.5381502800000002,-2.0698254600000006,-1.7167346179999994,0.9705754952928209,-0.7461591227071784,-2.687310113292826,151600
-1.689511259999999,-1.9740220399999986,-1.5879645600000012,-1.7001674600000016,-1.7467288000000034,-1.6944561199999992,-1.639953820000001,-1.488557719999998,-1.5626280200000002,-2.0597904600000008,-1.7143780259999994,0.9696912373893893,-0.7446867886106101,-2.684069263389394,151700
-1.756537839999999,-2.0260433599999983,-1.5522261200000012,-1.7428461800000017,-1.7464380400000032,-1.657325979999999,-1.647346920000001,-1.448635119999998,-1.57776914,-2.0693866400000007,-1.7224555339999994,0.9795374403953363,-0.7429180936046632,-2.7019929743953406,151800
-1.7491597599999988,-2.0469260599999983,-1.503669320000001,-1.7528830800000015,-1.7630530600000034,-1.714588959999999,-1.6370213000000013,-1.4233759199999982,-1.6043281600000001,-2.0840186800000007,-1.7279024299999994,0.9734101476701379,-0.7544922823298618,-2.7013125776701417,151900
-1.8147260199999988,-2.0168801799999985,-1.519939860000001,-1.7316828200000012,-1.8193237800000035,-1.680711619999999,-1.6548752600000012,-1.4722904599999982,-1.56721858,-2.0808423800000004,-1.7358490959999995,0.9799433790787911,-0.7559057169212083,-2.7157924750787954,152000
-1.8692513399999988,-1.9814762599999987,-1.5323029200000011,-1.752575440000001,-1.8360162400000033,-1.694028819999999,-1.6973860600000013,-1.446057279999998,-1.5717640599999998,-2.0604724400000007,-1.7441330859999993,0.9892616695825697,-0.7548714164174298,-2.733394755582574,152100
-1.8353989399999988,-1.9508154799999986,-1.543811540000001,-1.778043660000001,-1.8711626000000032,-1.6823249399999995,-1.6947072000000012,-1.458904359999998,-1.58427418,-2.034648860000001,-1.7434091759999992,0.9827516231607203,-0.7606575528392793,-2.726160799160724,152200
-1.868256979999999,-1.9464107399999986,-1.561127880000001,-1.7519450400000012,-1.8288340600000033,-1.7082119399999995,-1.693444120000001,-1.453135819999998,-1.5796453,-2.0253046600000006,-1.7416316539999994,0.9800782614424125,-0.7615533925575871,-2.7217099154424162,152300
-1.8861259399999988,-1.9509803199999987,-1.583573060000001,-1.741998380000001,-1.828103680000003,-1.7474337599999996,-1.6561771000000007,-1.481547659999998,-1.5819991999999998,-2.014021020000001,-1.7471960119999994,0.9810447018159297,-0.7661513101840698,-2.728240713815934,152400
-1.913976779999999,-1.9203356799999989,-1.5399510400000012,-1.744166840000001,-1.8019823800000032,-1.7927810399999995,-1.696815900000001,-1.5036684399999978,-1.6282988999999999,-2.0369344600000003,-1.7578911459999995,0.979492603861274,-0.7783985421387254,-2.7373837498612783,152500
-1.910567299999999,-1.919038559999999,-1.5075657200000012,-1.7613930200000008,-1.8200190400000031,-1.8058615399999995,-1.732799060000001,-1.4727647199999978,-1.6447700999999997,-2.0880104000000004,-1.7662789459999992,0.9919909780357956,-0.7742879679642037,-2.7582699240358006,152600
-1.886672319999999,-1.9017806399999992,-1.5448327600000014,-1.7384710000000008,-1.8252380200000031,-1.8233982399999997,-1.7390656000000009,-1.454569919999998,-1.6402113399999998,-2.1056273400000007,-1.7659867179999995,0.9922096832343686,-0.7737770347656308,-2.7581964012343736,152700
-1.8881557199999992,-1.9317823799999991,-1.5555264000000013,-1.7781662000000005,-1.808120280000003,-1.80709266,-1.7349083800000011,-1.4428820999999978,-1.6390676399999997,-2.1061148000000007,-1.7691816559999995,0.990994708468085,-0.7781869475319142,-2.76017636446809,152800
-1.9017020199999992,-1.941011979999999,-1.5263266000000015,-1.7739679200000007,-1.879895720000003,-1.8167373599999999,-1.756303100000001,-1.464484139999998,-1.6312025799999998,-2.0884389800000007,-1.7780070399999994,0.999549230852164,-0.7784578091478355,-2.777556270852168,152900
-1.8848729599999996,-1.9182670599999991,-1.5242859400000015,-1.7739044800000006,-1.879223840000003,-1.8491791,-1.7675514200000009,-1.457473239999998,-1.6182586999999997,-2.069348380000001,-1.7742365119999994,0.9976900552960949,-0.7765464567039045,-2.771926567296099,153000
-1.8971766399999996,-1.9446076799999992,-1.5312287400000013,-1.8237925600000002,-1.9140055200000028,-1.85391478,-1.7813597200000009,-1.494660019999998,-1.63372264,-2.029545660000001,-1.7904013959999994,1.0016103001460994,-0.7887910958539002,-2.792011696146103,153100
-1.9203507399999995,-1.9548137999999993,-1.4969031400000012,-1.82845026,-1.9622096000000027,-1.8867371,-1.736114400000001,-1.4936707599999979,-1.6443856,-1.9602626600000008,-1.7883898059999996,0.9922138783746077,-0.7961759276253918,-2.7806036843746114,153200
-1.8917086999999995,-2.027784719999999,-1.4785082000000012,-1.8584027400000003,-1.9584820600000026,-1.89687656,-1.7312878200000008,-1.4829337799999982,-1.63071652,-1.9474017600000009,-1.7904102859999995,1.0065770272554035,-0.7838332587445959,-2.7969873132554075,153300
-1.9185491199999996,-1.9982692199999992,-1.4948945400000013,-1.8034447200000003,-1.9381645800000027,-1.91372054,-1.7328777800000008,-1.4653101599999983,-1.6474175,-1.9549604800000009,-1.7867608639999994,1.005962862509543,-0.7807980014904565,-2.7927237265095473,153400
-1.8939184799999995,-1.9655137599999992,-1.4940655000000012,-1.7869152800000003,-1.9390600800000026,-1.9050763000000002,-1.7215332400000012,-1.501059379999998,-1.6885254799999998,-1.9398217200000007,-1.7835489219999994,1.0061796803706349,-0.7773692416293647,-2.789728602370639,153500
-1.8557588199999997,-1.9289411799999994,-1.5255501000000011,-1.7223592400000003,-2.0077626000000026,-1.92125646,-1.728166360000001,-1.501054459999998,-1.6875415999999999,-1.9157503800000009,-1.7794141199999995,1.0090457136665782,-0.7703684063334212,-2.788459833666583,153600
-1.8295952799999997,-1.9504545199999992,-1.5157837000000012,-1.7183448600000002,-1.9763029400000025,-1.9191585999999998,-1.769553900000001,-1.538094599999998,-1.68461244,-1.917619200000001,-1.7819520039999999,1.0143121502452983,-0.7676398537547015,-2.796264154245303,153700
-1.8147282599999999,-1.933140899999999,-1.5376876400000012,-1.76633718,-1.9777942200000025,-1.9079575799999997,-1.7532523200000008,-1.5425391999999982,-1.7145137799999999,-1.929743180000001,-1.7877694259999999,1.0220042162661485,-0.7657652097338513,-2.8097736422661534,153800
-1.80935502,-1.966634439999999,-1.5150527600000012,-1.7445288200000002,-1.9547130800000025,-1.9013339799999998,-1.753560620000001,-1.5513795799999983,-1.7036322799999997,-1.9611337200000012,-1.7861324299999999,1.0294404596294817,-0.7566919703705178,-2.815572889629487,153900
-1.8097349399999998,-1.9600801799999992,-1.4718352800000012,-1.74966708,-1.9667632200000025,-1.8921206999999998,-1.724307820000001,-1.5307377999999983,-1.7201675799999996,-1.9621424800000011,-1.7787557079999996,1.028099031388288,-0.7506566766117116,-2.806854739388293,154000
-1.83040056,-1.894781059999999,-1.4652701200000013,-1.72737348,-1.9624775000000025,-1.8992924199999999,-1.7174563400000011,-1.5158778599999982,-1.6895533199999997,-1.960141160000001,-1.7662623819999996,1.0205775194120261,-0.7456848625879735,-2.786839901412031,154100
-1.8908203399999999,-1.9049321799999992,-1.4575721800000014,-1.7173379199999999,-1.9444632600000022,-1.9233721599999998,-1.734939040000001,-1.511149339999998,-1.7201853199999997,-1.8602000000000007,-1.7664971739999995,1.0118773547577815,-0.7546198192422182,-2.778374528757786,154200
-1.9107821999999999,-1.9081914599999994,-1.4865312400000017,-1.67037948,-1.9495233800000022,-1.9062976399999996,-1.750459340000001,-1.491004739999998,-1.7328845199999998,-1.8379196000000007,-1.7643973599999996,1.007713171108394,-0.7566841888916056,-2.7721105311083982,154300
-1.9083911799999997,-1.8643143999999992,-1.4699645800000016,-1.6692453799999998,-1.9777449400000022,-1.9388374599999998,-1.745088180000001,-1.5529961799999978,-1.7504305999999996,-1.7950093600000008,-1.7672022259999998,1.0149545848490527,-0.752247641150947,-2.782156810849057,154400
-1.9176729999999997,-1.8039260199999994,-1.4640158600000015,-1.66993452,-1.9323979200000023,-1.9360512399999996,-1.7373187800000012,-1.505006179999998,-1.8226843199999996,-1.7825906000000007,-1.7571598439999996,1.0132462800229056,-0.7439135639770942,-2.7704061240229096,154500
-1.9496260199999997,-1.7937170199999992,-1.4578324600000014,-1.6457144999999997,-1.9122552200000025,-1.9731232199999993,-1.726659020000001,-1.532883019999998,-1.7916911399999997,-1.7866289200000005,-1.7570130539999997,1.006298075665785,-0.7507149783342146,-2.763311129665789,154600
-1.94283348,-1.784689079999999,-1.4649665400000016,-1.6094173999999994,-1.8875407600000023,-2.008735379999999,-1.738930340000001,-1.528848279999998,-1.8334659399999995,-1.8006687200000007,-1.7600095919999996,1.0064288072429572,-0.7535807847570424,-2.7664383992429618,154700
-1.9294025399999999,-1.789709219999999,-1.4633133400000014,-1.5980686599999996,-1.8613382600000024,-2.0088973999999995,-1.759484080000001,-1.4850369799999978,-1.8766214399999996,-1.802474780000001,-1.7574346699999994,1.006119987018069,-0.7513146829819303,-2.763554657018074,154800
-1.9034098,-1.868493219999999,-1.4602967400000013,-1.6245512199999994,-1.8630879000000022,-2.0006379199999995,-1.7482689800000009,-1.4797171799999977,-1.8901296199999995,-1.7701850800000007,-1.7608777659999995,1.0142296517882718,-0.7466481142117276,-2.7751074177882757,154900
-1.92667944,-1.866846299999999,-1.4727023200000013,-1.6274994599999995,-1.8897892800000022,-1.9734676599999994,-1.7311575600000009,-1.511271359999998,-1.8500448399999996,-1.7762215400000008,-1.7625679759999997,1.022678712748853,-0.7398892632511463,-2.7852466887488574,155000
-1.98115042,-1.8674381999999992,-1.4857692000000013,-1.5955179599999993,-1.8674308600000022,-1.9774148599999994,-1.730348820000001,-1.496772139999998,-1.8837052599999995,-1.7615135000000008,-1.7647061219999998,1.029740294953543,-0.7349658270464563,-2.7944464169535466,155100
-1.9518175000000002,-1.8600284399999993,-1.4908251600000013,-1.561773459999999,-1.9025462800000021,-1.8871957399999997,-1.6785562600000008,-1.507475499999998,-1.9136907199999995,-1.779855500000001,-1.7533764559999998,1.0092409589740114,-0.7441354970259879,-2.7626174149740153,155200
-1.9106219000000004,-1.8521785199999992,-1.5125198000000015,-1.5492623599999993,-1.9049921000000023,-1.9136429999999995,-1.6646807400000008,-1.4958919199999976,-1.9713944799999996,-1.7999080400000012,-1.757509286,1.025670942392022,-0.7318383436079773,-2.7831802283920255,155300
-1.9259604200000005,-1.875023859999999,-1.5040594000000016,-1.5109019799999992,-1.8765085400000023,-1.9665576199999995,-1.6070811600000008,-1.5036190599999977,-1.9897912599999998,-1.7425871600000011,-1.750209046,1.0219785028309905,-0.7282305431690089,-2.7721875488309937,155400
-1.8894245600000006,-1.8598944599999994,-1.4621199000000016,-1.5281734399999993,-1.8275976000000023,-1.9548615199999995,-1.5767929400000005,-1.5302816599999978,-2.01735032,-1.8043866200000012,-1.7450883019999999,1.0258492583501688,-0.7192390436498306,-2.7709375603501725,155500
-1.9059406800000005,-1.8548091599999992,-1.4577370400000016,-1.5583279799999994,-1.8016129400000023,-1.9318630999999993,-1.5450698400000007,-1.5845642999999978,-2.03424132,-1.7923503200000013,-1.7466516679999997,1.0195224418987094,-0.7271292261012898,-2.766174109898713,155600
-1.9044289800000007,-1.8163644199999993,-1.4911818400000016,-1.5897646799999992,-1.800612120000002,-1.9527929199999994,-1.5485822200000008,-1.5839603599999978,-2.0676112399999997,-1.8272522600000014,-1.7582551039999998,1.016116426516635,-0.7421386774833644,-2.7743715305166385,155700
-1.9284051600000007,-1.8451116799999994,-1.4936439800000014,-1.5731375399999994,-1.757691660000002,-1.9434398399999993,-1.5294250800000007,-1.6043688799999978,-2.04253632,-1.8397322200000013,-1.755749236,1.016114672213227,-0.7396345637867725,-2.7718639082132306,155800
-1.9276167600000007,-1.8541624799999994,-1.4524213400000014,-1.5664818799999995,-1.749396740000002,-1.984393059999999,-1.4859178200000005,-1.5854707999999977,-2.0165124,-1.7893239800000011,-1.7411697259999999,1.018632960281822,-0.7225367657181775,-2.7598026862818257,155900
-1.9204933400000008,-1.8624936199999993,-1.474199960000001,-1.5760333999999994,-1.735076780000002,-1.979160939999999,-1.4955538800000006,-1.6001158799999977,-1.9264629599999998,-1.7884506600000012,-1.735804142,1.0123898432381704,-0.7234142987618293,-2.748193985238174,156000
-1.9184114200000009,-1.8824627399999994,-1.469379680000001,-1.5800556799999996,-1.7866093800000022,-2.000260419999999,-1.4725343800000008,-1.5711159999999975,-1.9229269399999998,-1.728726060000001,-1.73324827,1.0095447515543166,-0.7237035184456831,-2.74279302155432,156100
-1.9008233200000006,-1.7984712199999995,-1.459080340000001,-1.5242210199999995,-1.7999232800000022,-2.013522599999999,-1.4851842400000006,-1.5808346999999976,-1.93556906,-1.722884740000001,-1.722051452,0.9921482245584875,-0.7299032274415121,-2.714199676558491,156200
-1.9087147200000008,-1.7903168399999996,-1.4414019800000009,-1.5033341599999994,-1.7931368200000022,-2.058476679999999,-1.510485080000001,-1.5896397799999975,-1.95325254,-1.7581989600000008,-1.730695756,1.0000160139482441,-0.7306797420517553,-2.7307117699482477,156300
-1.9319698400000007,-1.7684470599999995,-1.4450195000000008,-1.5039290999999995,-1.7944791600000023,-2.034483339999999,-1.503966460000001,-1.5479488799999976,-1.9093174199999998,-1.7654945600000012,-1.7205055320000002,1.002832362274017,-0.7176731697259825,-2.7233378942740205,156400
-2.0033965400000007,-1.7762598199999997,-1.4589237600000007,-1.4776771999999994,-1.778060460000002,-2.022199339999999,-1.5286301200000012,-1.5478905999999975,-1.92433814,-1.7696445000000012,-1.7287020480000004,1.0089348007563352,-0.719767247243664,-2.7376368487563396,156500
-2.0060456600000007,-1.8084265999999998,-1.4762817400000008,-1.4714811799999992,-1.827753020000002,-1.9719006399999992,-1.4962547600000011,-1.5264046199999977,-1.91788938,-1.785886380000001,-1.7288323980000004,1.0102490687497674,-0.7185833292502319,-2.739081466749772,156600
-2.016056040000001,-1.7667353799999999,-1.4635459200000007,-1.5171147599999992,-1.8330663200000021,-1.9827686799999993,-1.522901620000001,-1.5561145799999974,-1.91247356,-1.7420200600000013,-1.7312796920000002,1.0016563764138535,-0.7296233155861459,-2.7329360684138577,156700
-1.963336260000001,-1.7403566999999998,-1.4435166800000008,-1.4831792199999994,-1.811339800000002,-2.0308465999999994,-1.5287204200000009,-1.5695300799999972,-1.88837196,-1.7139420800000014,-1.7173139800000001,0.9880888856236205,-0.7292250943763788,-2.705402865623625,156800
-1.9603850400000011,-1.7115493999999998,-1.4305756800000007,-1.4850002599999994,-1.8144796200000022,-1.9874238799999993,-1.5347096600000005,-1.5433030799999972,-1.89042596,-1.7766202000000013,-1.713447278,1.0032126721557524,-0.7102346058442468,-2.7166599501557567,156900
-1.9140101800000011,-1.7325467799999998,-1.3890247800000006,-1.4723935599999995,-1.807728720000002,-2.031837279999999,-1.5243117200000007,-1.539558839999997,-1.92280996,-1.7603179800000013,-1.7094539800000002,0.997890156808931,-0.7115638231910684,-2.7073441368089353,157000
-1.852452080000001,-1.7449172399999997,-1.3733100800000004,-1.4800934599999997,-1.797898140000002,-1.990752999999999,-1.4996989200000008,-1.5859869199999972,-1.9285798399999998,-1.740756520000001,-1.6994446200000002,0.9914141274799944,-0.708030492520005,-2.6908587474799988,157100
-1.8678003800000011,-1.7708920199999998,-1.3982935600000008,-1.4337285199999996,-1.830856380000002,-2.000258019999999,-1.485176940000001,-1.6246775999999972,-1.8907482,-1.691142900000001,-1.699357452,0.9966165961573492,-0.7027408558426503,-2.6959740481573538,157200
-1.864781580000001,-1.7615112399999995,-1.4283184000000007,-1.4496869399999996,-1.860183440000002,-1.9604071599999988,-1.468843400000001,-1.611649659999997,-1.8849495799999998,-1.699174780000001,-1.698950618,0.9985118203192365,-0.7004387976807631,-2.6974624383192407,157300
-1.845625860000001,-1.6922739199999994,-1.4311427200000006,-1.48693956,-1.8792378000000018,-1.904779099999999,-1.4777189400000008,-1.587645079999997,-1.9068339999999997,-1.694576600000001,-1.690677358,0.990577759478684,-0.7000995985213158,-2.6812551174786883,157400
-1.844965020000001,-1.7304149399999995,-1.4962825200000005,-1.47918512,-1.8985553200000018,-1.8798422599999989,-1.437484780000001,-1.597286179999997,-1.84672026,-1.6882922200000012,-1.689902862,0.9983205793047465,-0.6915822826952532,-2.6882234413047508,157500
-1.8629711000000009,-1.7205601399999995,-1.5537913000000005,-1.45630416,-1.872278800000002,-1.924874639999999,-1.3890548800000007,-1.6761266999999969,-1.8413295799999998,-1.6276500800000013,-1.692494138,1.0052917047912167,-0.6872024332087832,-2.697785842791221,157600
-1.864812500000001,-1.7287090599999992,-1.5560503400000005,-1.42320846,-1.890914380000002,-1.8884451199999992,-1.3864595400000008,-1.708478539999997,-1.8113986599999996,-1.5984374000000015,-1.6856914,0.9958795048917914,-0.6898118951082082,-2.6815709048917955,157700
-1.867503000000001,-1.7518671199999993,-1.5315597800000003,-1.43504836,-1.8847245000000017,-1.922967979999999,-1.4076767200000007,-1.774050519999997,-1.8146775599999996,-1.6075492400000013,-1.699762478,1.0070089604989354,-0.6927535175010643,-2.706771438498939,157800
-1.856874640000001,-1.7525477199999995,-1.5279087400000002,-1.4295710799999997,-1.8360506200000017,-1.911639439999999,-1.3986148000000005,-1.7753385999999969,-1.8556400599999996,-1.6400203800000015,-1.6984206080000002,1.0051647094105145,-0.6932558985894852,-2.7035853174105187,157900
-1.8567581800000008,-1.7458049999999994,-1.5697570200000004,-1.4455684,-1.8497699800000018,-1.9119946199999989,-1.4214963600000008,-1.7858191599999969,-1.8379055599999996,-1.7343110200000011,-1.7159185300000002,1.024910290647852,-0.6910082393521477,-2.7408288206478564,158000
-1.8220768800000007,-1.7054863999999992,-1.5621181600000005,-1.3739229600000002,-1.822598000000002,-1.8849645799999988,-1.3977783200000007,-1.752293839999997,-1.8479926999999996,-1.7605503800000013,-1.692978222,1.0148631974802453,-0.6781150245197545,-2.70784141948025,158100
-1.7650498200000007,-1.7060108199999993,-1.5708536600000007,-1.4515523200000002,-1.7992084600000018,-1.8894215999999988,-1.3940289400000005,-1.758675779999997,-1.8171265399999996,-1.7765302000000014,-1.692845814,1.0227997271537559,-0.6700460868462439,-2.7156455411537603,158200
-1.7686987000000005,-1.6736455399999994,-1.6233246600000006,-1.4367293,-1.779368020000002,-1.8730831399999988,-1.3754559200000005,-1.7572256799999968,-1.8076927399999996,-1.7759962200000012,-1.6871219920000002,1.0247230748133447,-0.6623989171866549,-2.7118450668133494,158300
-1.7149570000000005,-1.7178647199999995,-1.5999434600000007,-1.4328512,-1.803526060000002,-1.9465287799999986,-1.3723568400000006,-1.7874986999999967,-1.8157975399999995,-1.7834724600000014,-1.6974796760000002,1.0363592567904176,-0.6611204192095821,-2.7338389327904222,158400
-1.7505864400000004,-1.7420992199999994,-1.5382597600000008,-1.5016360400000002,-1.8047868400000022,-1.9575067799999988,-1.3378012400000003,-1.7903606199999968,-1.7684675799999996,-1.7897836400000013,-1.6981288159999999,1.0384921003840204,-0.6596367156159793,-2.736620916384025,158500
-1.7703974000000002,-1.7435486199999994,-1.5208630200000008,-1.5408890200000003,-1.758410340000002,-1.951766999999999,-1.3323678200000004,-1.7984560599999968,-1.7490183599999996,-1.7907907800000011,-1.695650842,1.024803046249694,-0.6708477957503055,-2.7204538882496987,158600
-1.78607558,-1.7264544999999993,-1.5466222600000006,-1.5784326000000002,-1.755242420000002,-1.937848799999999,-1.2574815400000003,-1.791683099999997,-1.7609484199999994,-1.7825764600000011,-1.6923365679999998,1.0201261152586338,-0.6722104527413657,-2.712462683258638,158700
-1.7864062200000002,-1.6938133399999993,-1.5246339400000009,-1.5339799600000004,-1.7527016800000021,-1.9430575599999989,-1.2712540600000004,-1.7923734999999972,-1.7370230599999996,-1.797897360000001,-1.6833140679999996,1.0072010856809153,-0.6761129823190842,-2.6905151536809195,158800
-1.7715196400000002,-1.6948770599999992,-1.554537220000001,-1.5296251400000003,-1.804557800000002,-1.953952959999999,-1.2331802600000004,-1.809672279999997,-1.7759756399999997,-1.7317294200000009,-1.6859627419999998,1.0020308654087375,-0.683931876591262,-2.687993607408741,158900
-1.7315051600000002,-1.7004984399999992,-1.5846672800000008,-1.5408593600000002,-1.889816500000002,-1.9827058199999987,-1.2664983200000004,-1.7779309399999967,-1.7743517799999997,-1.6800097400000007,-1.692884334,1.0148732620159904,-0.6780110719840092,-2.7077575960159943,159000
-1.7121916000000001,-1.7830540199999994,-1.6022121600000006,-1.5974448200000004,-1.885231780000002,-1.979446899999999,-1.2797310800000004,-1.842046299999997,-1.7922096199999995,-1.6866723200000007,-1.71602406,1.0314796883258162,-0.6845443716741835,-2.74750374832582,159100
-1.6715255400000002,-1.7488395799999992,-1.5827913400000007,-1.6280514600000004,-1.8476741800000023,-1.980083939999999,-1.2920111000000003,-1.883040499999997,-1.7874918599999996,-1.729279980000001,-1.715078948,1.0304422376588231,-0.6846367103411766,-2.745521185658827,159200
-1.6692309200000002,-1.7100899999999992,-1.5660405800000003,-1.6208720400000005,-1.806273400000002,-1.9757535399999988,-1.2947322200000004,-1.880874959999997,-1.8089570199999994,-1.716319740000001,-1.7049144420000002,1.0296443164894358,-0.6752701255105638,-2.73455875848944,159300
-1.6469739800000003,-1.7305378999999994,-1.5916372000000003,-1.6084159800000006,-1.7725297600000018,-1.9233472799999989,-1.3185902200000004,-1.828721819999997,-1.8054332399999993,-1.7102829000000008,-1.693647028,1.021579767954306,-0.6720672600456937,-2.71522679595431,159400
-1.6315711400000004,-1.7317347399999994,-1.5943697800000003,-1.6114273200000004,-1.7746164200000019,-1.9019380399999992,-1.3190646800000005,-1.8333389199999968,-1.7563466799999992,-1.7036384400000009,-1.685804616,1.0093618284566024,-0.6764427875433973,-2.695166444456607,159500
-1.6247981000000005,-1.7142323999999993,-1.5781158400000004,-1.6338556600000007,-1.7585434000000018,-1.8907495799999992,-1.4230761600000006,-1.8696525399999968,-1.7326624599999991,-1.7034801400000008,-1.692916628,1.0203371030927906,-0.6725795249072091,-2.713253731092795,159600
-1.6122834600000004,-1.6923646399999992,-1.5612408600000003,-1.6501697800000008,-1.7632321400000017,-1.8744531799999993,-1.4130267200000006,-1.8742905599999968,-1.7144371799999993,-1.699574280000001,-1.6855072800000002,1.0155610837554547,-0.6699461962445451,-2.701068363755459,159700
-1.5461278000000005,-1.6996948799999994,-1.5667652800000005,-1.6622640800000008,-1.7918775800000017,-1.8604210799999992,-1.4602227400000003,-1.894021859999997,-1.6599148799999994,-1.7190943200000008,-1.6860404500000004,1.0077163497128485,-0.6783241002871513,-2.6937567997128524,159800
-1.5424620400000004,-1.6406857999999993,-1.5565793400000003,-1.6814214200000008,-1.8183601000000018,-1.8829889599999994,-1.4716730600000005,-1.885701599999997,-1.6589371199999996,-1.7306681600000011,-1.6869477600000005,0.9984240493537224,-0.6885237106462774,-2.6853718093537267,159900
-1.5254752600000003,-1.6570751999999995,-1.5467848600000003,-1.6981194000000008,-1.8307562200000018,-1.9042257199999992,-1.4868542800000006,-1.892057759999997,-1.6666902399999994,-1.7254469200000009,-1.6933485860000004,0.9960787525801932,-0.6972698334198068,-2.689427338580197,160000
-1.46043932,-1.6356414999999995,-1.5355770800000001,-1.7629581600000008,-1.8330080600000016,-1.9003839199999992,-1.5333149400000006,-1.9156243599999971,-1.6236560799999995,-1.7173959600000008,-1.6917999380000004,1.000209359443038,-0.691590578556962,-2.692009297443042,160100
-1.50267192,-1.6353270599999996,-1.5367763400000003,-1.747649100000001,-1.7824471600000016,-1.941885719999999,-1.5515317800000006,-1.9414960799999972,-1.6088615999999996,-1.7118884600000006,-1.6960535220000004,1.0051432542607583,-0.6909102677392417,-2.701196776260762,160200
-1.5166899999999999,-1.6815999999999998,-1.5491356800000005,-1.748672820000001,-1.8418573200000015,-1.960540139999999,-1.5967701000000005,-1.9649499999999973,-1.5960642399999996,-1.7297401600000006,-1.7186020460000002,1.003260162462457,-0.7153418835375427,-2.7218622084624604,160300
-1.46273246,-1.6858686799999996,-1.5420850400000004,-1.7817438800000012,-1.8362566400000013,-1.9084521399999992,-1.6533860000000007,-1.9344713199999972,-1.5935164399999993,-1.7518706400000006,-1.7150383240000002,1.0032473811816822,-0.7117909428183176,-2.7182857051816858,160400
-1.49221124,-1.7196599399999994,-1.55223696,-1.7556605600000013,-1.8236884000000015,-1.8803135599999994,-1.668838140000001,-1.8967128599999972,-1.5523198999999994,-1.7235478000000006,-1.7065189360000002,0.9990592785769081,-0.7074596574230917,-2.7055782145769114,160500
-1.5096613200000002,-1.7073354999999995,-1.56083098,-1.728332060000001,-1.8347050800000013,-1.9010772199999995,-1.6689816000000008,-1.848363219999997,-1.5349479399999995,-1.7193600600000005,-1.7013594980000002,1.002298204237306,-0.6990612937626938,-2.70365770223731,160600
-1.52325074,-1.6986995799999993,-1.5642712600000002,-1.7238825600000012,-1.8259164000000012,-1.9050385999999995,-1.686284560000001,-1.836691759999997,-1.4918630599999994,-1.7102360200000004,-1.6966134540000002,0.9989704363058126,-0.6976430176941872,-2.6955838903058162,160700
-1.4939147200000003,-1.6456807999999992,-1.5465612600000003,-1.7173187800000012,-1.8435447600000012,-1.9504005399999997,-1.6861904600000008,-1.812449259999997,-1.4901035199999995,-1.6800197200000004,-1.686618382,0.998171184742798,-0.6884471972572019,-2.6847895667428014,160800
-1.46860658,-1.6571026599999994,-1.5620271000000003,-1.7565260200000012,-1.8525314400000013,-1.88088982,-1.683389980000001,-1.8064722799999973,-1.4998167399999993,-1.6811737800000006,-1.68485364,0.9874563219802087,-0.6973973180197912,-2.672309961980212,160900
-1.5062179599999999,-1.6624801399999996,-1.5294258400000005,-1.743680460000001,-1.8566540400000013,-1.8910103999999999,-1.697071600000001,-1.8277586199999973,-1.5819245799999997,-1.7406945200000008,-1.7036918159999999,0.9896509930998642,-0.7140408229001358,-2.693342809099868,161000
-1.5060330199999998,-1.6523663999999993,-1.5634826800000006,-1.770862140000001,-1.7884893800000012,-1.8791874,-1.717860640000001,-1.8218717199999974,-1.6116734199999996,-1.7253467400000009,-1.7037173539999997,0.9844601051116477,-0.7192572488883522,-2.6881774591116514,161100
-1.5018756399999997,-1.6354969199999994,-1.5665466600000002,-1.8163506400000011,-1.8145909000000011,-1.8725645199999996,-1.718470300000001,-1.8542629999999973,-1.6559513199999996,-1.7448579000000008,-1.71809678,0.9991343392225523,-0.7189624407774475,-2.7172311192225562,161200
-1.48577006,-1.6284997999999993,-1.5771517600000002,-1.8203681000000012,-1.830526660000001,-1.81912898,-1.697490520000001,-1.8593972999999975,-1.6228125399999995,-1.710318280000001,-1.7051463999999998,0.9904930356193202,-0.7146533643806798,-2.6956394356193236,161300
-1.4900525599999996,-1.6245931999999994,-1.57925086,-1.888802020000001,-1.827149140000001,-1.8397906999999998,-1.717827860000001,-1.8568725199999971,-1.6127126199999997,-1.727404580000001,-1.7164456059999997,1.000738807515851,-0.715706798484149,-2.7171844135158545,161400
-1.4654605799999996,-1.6113167599999991,-1.61728052,-1.9047937400000012,-1.8195349200000013,-1.8387434399999998,-1.6927601200000009,-1.8393655599999972,-1.6735517199999999,-1.741181180000001,-1.7203988539999997,1.0065786647177395,-0.7138201892822607,-2.726977518717743,161500
-1.5233969399999996,-1.5860832999999992,-1.6144182799999998,-1.8976462600000013,-1.7488619000000012,-1.8690055799999998,-1.7567390000000012,-1.851775199999997,-1.7081771399999996,-1.7514606000000008,-1.7307564199999999,1.008161948730288,-0.7225944712697121,-2.7389183687302916,161600
-1.5381131199999996,-1.596936979999999,-1.6194172199999997,-1.8636892200000015,-1.7912159800000012,-1.9096320599999999,-1.7683316000000013,-1.8437698999999972,-1.6960439399999998,-1.7897825400000011,-1.741693256,1.0115214837438322,-0.7301717722561679,-2.753214739743836,161700
-1.5083430799999997,-1.5799382199999992,-1.6180074199999999,-1.8719831600000012,-1.7828719200000012,-1.8871829399999998,-1.7659565800000012,-1.8480160599999973,-1.69066588,-1.829307020000001,-1.7382272280000002,1.0130710984270292,-0.7251561295729708,-2.751298326427033,161800
-1.5667036599999995,-1.634839079999999,-1.6673753199999999,-1.8699633400000013,-1.784682000000001,-1.90752412,-1.7623684800000015,-1.9025615399999976,-1.68567194,-1.7955699000000012,-1.757725938,0.9987628801407545,-0.7589630578592456,-2.7564888181407587,161900
-1.5726544999999994,-1.636654179999999,-1.6918536,-1.9212159400000013,-1.785040000000001,-1.84037196,-1.7380934000000017,-1.8656318399999976,-1.69485906,-1.8774231600000013,-1.762379764,1.004135859765715,-0.7582439042342851,-2.766515623765719,162000
-1.6076517799999994,-1.6609629399999992,-1.7257742200000001,-1.8901227600000012,-1.7696101600000012,-1.9057740799999998,-1.7197385600000015,-1.8517528199999975,-1.7123819,-1.9372929600000015,-1.778106218,1.0108933732106022,-0.7672128447893978,-2.7889995912106063,162100
-1.592530039999999,-1.6571741199999992,-1.70306698,-1.8931389600000015,-1.726371140000001,-1.9286340199999998,-1.7548665200000013,-1.8730761799999975,-1.7267163399999998,-1.9496967600000017,-1.780527106,1.0064738854772477,-0.774053220522752,-2.787000991477252,162200
-1.5839572599999991,-1.7162263199999992,-1.6798830400000002,-1.9178346800000015,-1.675166080000001,-1.9233923400000001,-1.7509694800000013,-1.8545516999999976,-1.7440517800000002,-1.9452516200000016,-1.77912843,1.013238981697019,-0.7658894483029808,-2.7923674116970236,162300
-1.5642520399999993,-1.7231146199999992,-1.6958489400000003,-1.8805818600000015,-1.6315431400000011,-1.9663930000000003,-1.7314357400000013,-1.8665406599999976,-1.72072704,-1.9599838200000017,-1.7740420860000001,1.0134442823208614,-0.7605978036791382,-2.787486368320866,162400
-1.5416649799999993,-1.6649976599999992,-1.6250227200000003,-1.8876915600000015,-1.6158044400000011,-1.9732121200000003,-1.7261372800000014,-1.8384852199999977,-1.7629307000000003,-1.9549241000000015,-1.759087078,1.0031677374117884,-0.7559193405882114,-2.762254815411793,162500
-1.5422696199999992,-1.6723166199999988,-1.6059212800000002,-1.8773666200000017,-1.6317165000000011,-1.9498083200000003,-1.7034007200000016,-1.7750112799999977,-1.7602757200000005,-1.9727738600000015,-1.749086054,0.988254640003207,-0.7608314139967928,-2.737340694003212,162600
-1.5404172599999992,-1.6776571399999989,-1.5721252000000003,-1.8889580600000015,-1.6537673600000014,-1.9219933,-1.7292506400000016,-1.7711010599999977,-1.7518541600000006,-2.009330580000001,-1.751645476,0.9931263814219623,-0.7585190945780376,-2.744771857421967,162700
-1.5526722199999992,-1.649998619999999,-1.6233040400000005,-1.8662600000000018,-1.6430390400000017,-1.92923836,-1.7429070800000017,-1.7253125599999979,-1.7393211400000006,-1.9911595400000013,-1.74632126,0.9881301540486443,-0.7581911059513555,-2.734451414048649,162800
-1.5806851799999992,-1.616472919999999,-1.6407173400000006,-1.8986638800000017,-1.6470389400000016,-1.9654013600000002,-1.7456501800000017,-1.703182699999998,-1.6948725200000008,-1.978821040000001,-1.7471506060000002,0.988000857042712,-0.7591497489572877,-2.7351514630427163,162900
-1.5836141599999993,-1.663702799999999,-1.6033998400000005,-1.9117940000000015,-1.6691907200000013,-1.9648175400000003,-1.7082679800000016,-1.682764559999998,-1.7352656800000008,-1.889398760000001,-1.7412216040000001,0.9718769494499371,-0.7693446545500626,-2.7130985534499414,163000
-1.5956666799999994,-1.6691563999999992,-1.6167031200000006,-1.9292998400000017,-1.6866802200000015,-1.9878444600000003,-1.7153196200000016,-1.684631639999998,-1.7467243200000007,-1.911899240000001,-1.754392554,0.9744493952431816,-0.7799431587568182,-2.728841949243186,163100
-1.6071685799999995,-1.6492165799999992,-1.6135303400000003,-1.8586373400000016,-1.6799551000000015,-1.9383792600000005,-1.7262142200000017,-1.680178899999998,-1.7380664200000007,-1.9017253000000012,-1.7393072040000002,0.9611499790407165,-0.7781572249592831,-2.7004571830407205,163200
-1.6484331399999996,-1.6275773599999992,-1.6035747000000002,-1.8908743400000017,-1.7154566800000013,-1.9497922600000004,-1.7655053600000017,-1.735697299999998,-1.7391287800000006,-1.911771320000001,-1.7587811240000002,0.9508145338524703,-0.8079665901475295,-2.7095956578524745,163300
-1.6683418599999995,-1.5977416999999992,-1.6164292200000003,-1.9780903000000019,-1.6948138000000013,-1.8735311200000004,-1.8095506400000017,-1.749715579999998,-1.7417894200000006,-1.8939182800000012,-1.7623921920000003,0.9433192668610481,-0.8190729251389517,-2.7057114588610522,163400
-1.6649847799999997,-1.5785608399999989,-1.6332643000000002,-1.9128945600000018,-1.706162660000001,-1.8603467400000002,-1.832369360000002,-1.7532145399999979,-1.7427133800000005,-1.9026017000000013,-1.7587112860000005,0.9343887936308007,-0.8243224923691992,-2.6931000796308053,163500
-1.6951858,-1.579685079999999,-1.60386862,-1.8772280600000015,-1.755474620000001,-1.8181569000000002,-1.794063340000002,-1.7873723799999977,-1.7334671200000005,-1.9219714200000013,-1.7566473340000004,0.9556600703813427,-0.8009872636186571,-2.712307404381347,163600
-1.6730450599999998,-1.5751391399999992,-1.5678663200000003,-1.8243067000000017,-1.7519540000000011,-1.8712925600000003,-1.8149676000000017,-1.7891050799999977,-1.7266489600000006,-1.8837047800000013,-1.7478030200000005,0.9592974682806654,-0.7885055517193345,-2.7071004882806697,163700
-1.6858486799999997,-1.5908747799999992,-1.5927312400000002,-1.8080354200000017,-1.8068155800000012,-1.8669760800000004,-1.8058405400000015,-1.7791487399999977,-1.7165360000000005,-1.8759798600000013,-1.7528786920000008,0.967821696154412,-0.7850569958455879,-2.7207003881544165,163800
-1.7186305399999997,-1.5697096199999994,-1.5741721800000001,-1.8375281400000016,-1.817274320000001,-1.8492936000000002,-1.7746838200000012,-1.7604923599999978,-1.6868103600000004,-1.8671496000000014,-1.7455744540000007,0.9701724170637799,-0.77540203693622,-2.7157468710637844,163900
-1.7377271199999997,-1.6045478999999991,-1.5555276000000005,-1.8306978800000016,-1.7256278400000011,-1.8448637600000004,-1.7777203800000012,-1.8011655799999977,-1.6831609800000005,-1.9286953400000015,-1.7489734380000004,0.9577816674773331,-0.7911917705226668,-2.7067551054773378,164000
-1.7457222799999996,-1.5728391399999992,-1.5736438400000003,-1.7640970400000018,-1.697235180000001,-1.8466061600000003,-1.754601540000001,-1.7455720799999974,-1.6614958800000006,-1.9651247800000016,-1.7326937920000005,0.9482818091204931,-0.7844119828795069,-2.680975601120498,164100
-1.8104334999999998,-1.5700724599999993,-1.5872156600000005,-1.7562789800000016,-1.6878014200000009,-1.7996053000000003,-1.743829180000001,-1.6980622599999975,-1.6723501800000005,-1.9590650800000013,-1.7284714020000007,0.9543710840067015,-0.7741003179932985,-2.682842486006706,164200
-1.8038568999999998,-1.577382119999999,-1.6073670000000007,-1.7545392400000015,-1.686246780000001,-1.7928901600000002,-1.705095520000001,-1.6845251399999974,-1.6539772600000007,-2.0021711000000013,-1.7268051220000007,0.9596721638578392,-0.7671329581421606,-2.6864772858578436,164300
-1.82317916,-1.6241578199999993,-1.5755622000000005,-1.7519806600000012,-1.722020720000001,-1.8042669400000002,-1.668947800000001,-1.6675060799999974,-1.684274040000001,-1.9962013600000013,-1.7318096780000007,0.9624688852127887,-0.7693407927872111,-2.694278563212793,164400
-1.80634064,-1.6969936399999992,-1.5841077200000007,-1.7714929200000011,-1.721384420000001,-1.8298261400000002,-1.667284600000001,-1.6537130799999975,-1.6750206000000007,-1.9936648600000013,-1.7399828620000009,0.9728709522076661,-0.7671119097923339,-2.71285381420767,164500
-1.77838046,-1.763211859999999,-1.5958019600000006,-1.7747639000000008,-1.799962760000001,-1.81484076,-1.5784856800000011,-1.5865236599999974,-1.7001177800000007,-1.991213660000001,-1.738330248000001,0.9800972880744493,-0.7582329599255506,-2.7184275360744534,164600
-1.7847347999999998,-1.7754817999999992,-1.6245314600000007,-1.7673094800000009,-1.805197040000001,-1.8487044,-1.6014025400000012,-1.6217075799999976,-1.7476315000000004,-1.9914065800000011,-1.756810718000001,0.9896334106187956,-0.7671773073812044,-2.7464441286187995,164700
-1.80123966,-1.824794119999999,-1.6317405000000005,-1.7620830200000008,-1.7631390400000009,-1.88404242,-1.5557937200000012,-1.6335564399999976,-1.8395779000000005,-2.0098232200000012,-1.770579004000001,0.9987129431135082,-0.7718660608864917,-2.769291947113512,164800
-1.8139151999999998,-1.840436319999999,-1.6176810600000004,-1.734432600000001,-1.792091220000001,-1.8728563,-1.559948960000001,-1.6210458199999973,-1.8274563800000003,-1.9807980000000012,-1.7660661860000006,1.0036115446590386,-0.7624546413409614,-2.7696777306590428,164900
-1.8012371399999998,-1.8548435199999989,-1.6262710000000007,-1.7182199800000009,-1.776694140000001,-1.9248211,-1.6022561800000008,-1.580573339999997,-1.8602091800000005,-1.971646700000001,-1.7716772280000006,1.010858173131563,-0.7608190548684369,-2.782535401131567,165000
-1.8106595199999997,-1.867774839999999,-1.6340628400000008,-1.6758153600000008,-1.7949295400000012,-1.89849592,-1.5657565200000008,-1.572847339999997,-1.8614730200000005,-2.013007280000001,-1.769482218000001,1.0014478929529842,-0.7680343250470157,-2.7709301109529885,165100
-1.8319695399999998,-1.8793096799999989,-1.6331291200000007,-1.7010668600000007,-1.789409120000001,-1.8275414,-1.5352904000000007,-1.570884099999997,-1.8696176800000006,-2.0015439400000012,-1.7639761840000008,1.00103727901348,-0.76293890498652,-2.7650134630134846,165200
-1.8670912799999997,-1.894402339999999,-1.6624811000000006,-1.743549180000001,-1.744367500000001,-1.85092748,-1.4905427600000007,-1.549963019999997,-1.8389179000000007,-1.988113560000001,-1.7630356120000008,1.001351533415435,-0.7616840785845649,-2.7643871454154394,165300
-1.8935030399999997,-1.886379659999999,-1.6760134200000008,-1.770854800000001,-1.770830080000001,-1.87589934,-1.4647027000000006,-1.577506819999997,-1.8909410000000009,-1.9958460600000012,-1.7802476920000005,0.9975896078074001,-0.7826580841926,-2.777837299807404,165400
-1.8830759199999993,-1.8364194199999992,-1.6841406200000009,-1.775281600000001,-1.775469500000001,-1.9306321599999998,-1.4690470800000006,-1.6479594999999971,-1.920970960000001,-2.019182280000001,-1.7942179040000008,1.003692843151448,-0.7905250608485521,-2.797910747151452,165500
-1.890321939999999,-1.827110859999999,-1.650171500000001,-1.759033980000001,-1.782105140000001,-1.92483286,-1.4894722000000005,-1.6841659799999973,-1.9956506000000007,-2.0079831200000013,-1.8010848180000008,1.0124613907161544,-0.7886234272838459,-2.813546208716158,165600
-1.8983524199999993,-1.8327325399999992,-1.6143205200000008,-1.7176449400000007,-1.7823839200000011,-1.91748938,-1.5030322600000006,-1.6869238199999976,-2.0060740800000008,-2.0058390200000016,-1.7964792900000006,1.0149532733926407,-0.7815260166073592,-2.8114325633926445,165700
-1.9057737599999993,-1.8092174799999992,-1.6441727000000008,-1.704178640000001,-1.750808880000001,-1.8564472199999997,-1.5074212400000007,-1.7000535199999975,-1.9990621800000008,-2.0074206200000013,-1.7884556240000007,1.005981054016469,-0.7824745699835308,-2.794436678016473,165800
-1.9176008599999994,-1.771607579999999,-1.629582520000001,-1.7269799600000006,-1.737818320000001,-1.8576088799999997,-1.5030516200000008,-1.6950316199999975,-2.016443100000001,-2.0216828400000013,-1.7877407300000008,1.012620648666912,-0.7751200813330881,-2.800361378666916,165900
-1.8795027199999996,-1.7648231199999989,-1.6332360600000009,-1.7606838200000008,-1.768962820000001,-1.84102898,-1.4754326600000007,-1.6853694999999973,-1.955186180000001,-2.004090640000001,-1.7768316500000005,1.0105670026906228,-0.7662646473093773,-2.787398652690627,166000
-1.8875653599999995,-1.770922159999999,-1.6149624800000009,-1.7681185800000008,-1.798762440000001,-1.8755256599999999,-1.4731830600000007,-1.6708310999999971,-1.910422120000001,-2.021522960000001,-1.7791815920000007,1.0078074819149991,-0.7713741100850009,-2.786989073915003,166100
-1.9733788999999995,-1.8227369799999988,-1.615784980000001,-1.758335060000001,-1.7754903400000008,-1.90031052,-1.4671173200000007,-1.6910514599999973,-1.874590260000001,-2.0205127200000006,-1.7899308540000007,1.0094610945897908,-0.7804697594102094,-2.7993919485897947,166200
-1.9995023999999995,-1.8241471599999988,-1.6301932800000012,-1.762066700000001,-1.754946480000001,-1.9158848599999998,-1.4667795800000007,-1.6875454999999975,-1.846282660000001,-2.0205066000000005,-1.7907855220000009,1.0102230591791244,-0.7805624628208758,-2.8010085811791283,166300
-1.9483016599999996,-1.8523393799999988,-1.6415252200000012,-1.7030059600000007,-1.723998480000001,-1.92191786,-1.4411392600000006,-1.7127156799999974,-1.861241720000001,-2.0161329000000006,-1.782231812000001,0.9989876938585078,-0.7832441181414924,-2.781219505858512,166400
-1.9196857999999997,-1.9039294399999989,-1.6230688400000013,-1.688856160000001,-1.7349403200000009,-1.9029046,-1.4203567400000006,-1.7654441599999975,-1.806381320000001,-2.0255138400000003,-1.779108122000001,0.9963896177694771,-0.7827185042305232,-2.775497739769481,166500
-1.8589608199999998,-1.847871799999999,-1.6260900000000011,-1.685370480000001,-1.7612962800000007,-1.8568790999999998,-1.3464949200000005,-1.7373716399999979,-1.8116173000000009,-2.0483252800000002,-1.7580277620000009,0.9892847547482995,-0.768743007251701,-2.747312516748303,166600
-1.8864729199999999,-1.810421399999999,-1.6456344000000014,-1.6980844000000008,-1.713585700000001,-1.8147959999999999,-1.3113971200000003,-1.7147410799999978,-1.7877163600000008,-2.0215968600000003,-1.7404446240000007,0.9824708959073394,-0.7579737280926612,-2.7229155199073425,166700
-1.9053850399999999,-1.8020376599999992,-1.6601527400000011,-1.6979722800000008,-1.741937220000001,-1.7992416599999999,-1.3330955200000005,-1.7429722799999976,-1.8206349800000006,-2.01124574,-1.7514675120000007,0.981270488301984,-0.7701970236980165,-2.732738000301987,166800
-1.8376440600000001,-1.7578890599999992,-1.6360286400000013,-1.6811565000000008,-1.7769070400000009,-1.78676698,-1.3082685200000004,-1.7053733399999975,-1.8100103800000007,-1.9774251800000002,-1.7277469700000005,0.986464587156322,-0.7412823828436785,-2.7142115571563257,166900
-1.8109653200000002,-1.778150679999999,-1.606153980000001,-1.6662730400000008,-1.748967180000001,-1.7918910799999999,-1.3103417400000004,-1.7095655599999977,-1.8298680000000007,-1.9111071600000002,-1.7163283740000008,0.9797616597115288,-0.7365667142884718,-2.696090033711532,167000
-1.8346046000000005,-1.774964239999999,-1.6153970200000012,-1.6839380000000006,-1.782052440000001,-1.7343062999999999,-1.3351029800000003,-1.6912882399999978,-1.8070459200000009,-1.85351784,-1.7112217580000009,0.975393818035624,-0.7358279399643767,-2.686615576035627,167100
-1.8443015600000003,-1.752966579999999,-1.6134038600000011,-1.7352293600000004,-1.781554380000001,-1.7369103799999999,-1.3263566800000004,-1.627733499999998,-1.8044468600000008,-1.8748548600000001,-1.709775802000001,0.9725346609361936,-0.7372411410638072,-2.6823104629361962,167200
-1.8545544800000004,-1.7319332999999988,-1.591135500000001,-1.7347576800000004,-1.8017180000000013,-1.7528981,-1.3374549400000004,-1.6466695999999978,-1.7686231600000004,-1.9232320999999999,-1.714297686000001,0.9647383102345399,-0.7495593757654607,-2.6790359962345422,167300
-1.8440181600000003,-1.7417675399999988,-1.595344760000001,-1.7551844000000003,-1.8246148200000014,-1.7252374399999997,-1.3840240800000003,-1.6657804799999978,-1.7665057200000005,-1.9037697999999998,-1.7206247200000009,0.9624786605632255,-0.7581460594367754,-2.683103380563228,167400
-1.8438661200000004,-1.7755002799999988,-1.5848844400000006,-1.75375586,-1.8129319200000011,-1.6983734199999996,-1.4180614400000002,-1.6488959999999977,-1.7856027800000005,-1.8892591199999997,-1.7211131380000009,0.9657673628176312,-0.7553457751823696,-2.686880500817634,167500
-1.8217968800000006,-1.788070239999999,-1.5834906800000008,-1.80967054,-1.7972133200000011,-1.6905247599999995,-1.4423750000000002,-1.6346368999999978,-1.7876130000000003,-1.8977994599999997,-1.725319078000001,0.9677278034305884,-0.7575912745694124,-2.693046881430591,167600
-1.8570208000000006,-1.7985646199999992,-1.646557220000001,-1.83090442,-1.761038160000001,-1.6971800599999998,-1.4239355400000002,-1.6741728999999979,-1.8044821800000002,-1.8480307199999997,-1.7341886620000009,0.9741112165965624,-0.7600774454034384,-2.708299878596565,167700
-1.8426006200000007,-1.807030019999999,-1.6649504800000008,-1.8387361999999998,-1.8091035000000009,-1.69680346,-1.4271738000000003,-1.6760178799999976,-1.8081058200000002,-1.8388700999999994,-1.7409391880000007,0.975819293468236,-0.765119894531765,-2.7167584814682386,167800
-1.8278238600000005,-1.8458013799999986,-1.6777900800000005,-1.82596594,-1.7898365800000007,-1.6771941,-1.3983754600000002,-1.6784936799999977,-1.8062880000000001,-1.8057456599999995,-1.7333314740000005,0.9733018329297211,-0.7600296410702799,-2.7066333069297235,167900
-1.8650401200000004,-1.8008708999999987,-1.6804993600000007,-1.81104402,-1.7643525200000008,-1.6695616999999998,-1.3882297000000003,-1.6732427599999977,-1.7946457599999999,-1.8168252999999996,-1.7264312140000004,0.9739049546508334,-0.7525262593491678,-2.7003361686508356,168000
-1.8658476200000005,-1.8304353599999987,-1.6751915800000006,-1.79885236,-1.7326195200000007,-1.700873,-1.4002300200000002,-1.6728213599999975,-1.7820673,-1.8093004199999996,-1.7268238540000005,0.9816507751208939,-0.745173078879107,-2.7084746291208965,168100
-1.8857199600000003,-1.8761635799999985,-1.6956313400000007,-1.79957782,-1.7247994000000006,-1.72751228,-1.3852692400000004,-1.6762632799999975,-1.80135198,-1.8085270399999995,-1.7380815920000003,0.9805320435804897,-0.7575495484195113,-2.7186136355804926,168200
-1.8413325000000003,-1.8599017599999985,-1.662243240000001,-1.80933054,-1.7530338200000006,-1.7191324399999999,-1.3569364600000007,-1.6564415599999975,-1.84311848,-1.7917334399999996,-1.7293204240000002,0.9844217025882088,-0.7448987214117921,-2.713742126588212,168300
-1.8206701400000003,-1.8488252399999985,-1.6549257200000007,-1.73200694,-1.7697969000000007,-1.71769056,-1.3070025600000008,-1.6548667399999977,-1.82407644,-1.8017329999999996,-1.713159424,0.9750810283766603,-0.7380783956233407,-2.688240452376663,168400
-1.8186753000000002,-1.8232051199999986,-1.662713400000001,-1.7332216399999998,-1.7368306800000004,-1.74479354,-1.3049967000000007,-1.6503822799999979,-1.85668922,-1.7741138199999995,-1.71056217,0.9788913451856007,-0.7316708248144004,-2.6894535151856034,168500
-1.7792400400000004,-1.838079659999999,-1.6585763000000011,-1.73466962,-1.7048873600000005,-1.7699859,-1.3635916800000007,-1.6587699999999979,-1.96643542,-1.7176955399999994,-1.719193152,0.9842717634474873,-0.7349213885525139,-2.70346491544749,168600
-1.7968546400000003,-1.8565211199999987,-1.6595807400000009,-1.74906504,-1.7125437600000004,-1.7333929000000001,-1.3792868200000006,-1.6461531399999978,-1.9811453799999998,-1.7038596999999993,-1.721840324,0.979677767600413,-0.7421625563995881,-2.701518091600416,168700
-1.8056484400000001,-1.8457716799999988,-1.645307960000001,-1.7512158400000002,-1.6455561000000005,-1.7557347,-1.4174233600000008,-1.6481000199999978,-1.9878624399999998,-1.6908959399999994,-1.719351648,0.9727992480212992,-0.7465523999787018,-2.692150896021302,168800
-1.8520630400000002,-1.8345113799999988,-1.6805671600000007,-1.7242960600000001,-1.5949595600000006,-1.7188688,-1.4615820800000008,-1.6689072399999978,-1.9662564399999996,-1.7163387199999993,-1.721835048,0.9826367989719067,-0.7391982490280943,-2.7044718469719093,168900
-1.8818028800000002,-1.7938515999999987,-1.6812342800000009,-1.7507747200000003,-1.6192647200000005,-1.7225522600000003,-1.4540287600000008,-1.7145477199999979,-1.9621891199999997,-1.6706570799999991,-1.7250903140000002,0.9900229238057231,-0.7350673901942777,-2.715113237805726,169000
-1.8792195800000002,-1.7677691199999988,-1.6361721200000008,-1.7828343000000002,-1.6582608000000005,-1.7704761400000002,-1.4910310800000008,-1.724209419999998,-1.9713059399999997,-1.6731713999999993,-1.7354449900000004,0.9922632629534224,-0.7431817270465786,-2.727708252953425,169100
-1.8645464800000002,-1.7920611799999986,-1.6371403000000007,-1.7656770200000003,-1.6705301400000006,-1.7812789599999999,-1.5204326600000007,-1.7377573199999978,-1.9634546599999998,-1.6838131999999992,-1.7416691920000003,0.9850160777966043,-0.7566531142033966,-2.726685269796607,169200
-1.9282215999999999,-1.7934631399999987,-1.5812377600000005,-1.8205651800000004,-1.6856733800000003,-1.79452686,-1.6203768400000007,-1.7338869799999979,-1.9952499799999999,-1.6475353999999993,-1.7600737120000003,0.9967561301272909,-0.7633175818727103,-2.756829842127294,169300
-1.9087614,-1.7652838199999985,-1.6045153000000005,-1.8408710800000005,-1.6707503000000006,-1.7857056199999999,-1.6748753000000007,-1.7792157599999978,-1.95591198,-1.7324019399999995,-1.7718292500000001,1.0054122797815865,-0.7664169702184144,-2.7772415297815893,169400
-1.93830536,-1.7188915599999985,-1.6013457400000004,-1.8183389600000004,-1.6849816600000005,-1.77179984,-1.6717898400000006,-1.8085432599999978,-1.9675361599999999,-1.7565936199999994,-1.7738126,0.9982085984536573,-0.7756040015463437,-2.77202119845366,169500
-1.9607702599999999,-1.6450312599999983,-1.5638342800000005,-1.8164399000000007,-1.6547590600000004,-1.8560542999999998,-1.6789006200000005,-1.8539496599999978,-1.96494896,-1.7987288999999993,-1.77934172,0.9905317440897424,-0.7888099759102586,-2.769873464089745,169600
-1.9508056599999997,-1.6553374399999985,-1.5931020400000002,-1.8514766400000005,-1.6317098400000003,-1.80774642,-1.6763370600000005,-1.8080822199999977,-1.92726344,-1.8074421399999991,-1.7709302899999997,0.989262548080009,-0.781667741919992,-2.7601928380800116,169700
-1.9278820199999998,-1.6307111999999984,-1.6007332800000003,-1.8314800600000003,-1.6565168200000002,-1.77863696,-1.6788369400000005,-1.8006388399999977,-1.8938618399999998,-1.780668699999999,-1.757996666,0.982881270332626,-0.7751153956673751,-2.740877936332629,169800
-1.96137248,-1.6219047199999985,-1.6248468600000003,-1.8066725800000003,-1.5997628200000003,-1.7563190400000002,-1.6670668600000005,-1.8080258999999979,-1.91045202,-1.816511139999999,-1.757293442,0.9816519111939602,-0.7756415308060408,-2.738945353193963,169900
-1.98947146,-1.5990917599999985,-1.6372586800000002,-1.8448452200000003,-1.5569521400000002,-1.74819158,-1.6214770200000004,-1.8165106599999978,-1.90794896,-1.834283419999999,-1.75560309,0.9766155505668036,-0.7789875394331974,-2.7322186405668067,170000
-1.98246592,-1.5797779399999985,-1.62950254,-1.8481369600000002,-1.5657929600000002,-1.74200674,-1.6361573800000004,-1.821265279999998,-1.9080536799999999,-1.783017419999999,-1.749617682,0.9753069953601293,-0.7743106866398718,-2.724924677360132,170100
-1.95829818,-1.5872477599999986,-1.62098632,-1.8655153000000002,-1.5691445600000002,-1.8137369000000003,-1.6496554000000005,-1.816265619999998,-1.9047206399999996,-1.7878568199999991,-1.75734275,0.9752379247473719,-0.7821048252526291,-2.7325806747473744,170200
-1.9318761000000004,-1.5437703399999987,-1.6044715600000001,-1.8414950200000002,-1.5458983200000003,-1.7749332000000004,-1.6685610400000004,-1.881223039999998,-1.8679628999999998,-1.7752426799999992,-1.74354342,0.9692831945850426,-0.7742602254149584,-2.712826614585045,170300
-1.9155966800000002,-1.556033979999999,-1.58790042,-1.7944465,-1.5750980800000003,-1.8035346400000003,-1.6743517800000003,-1.9258485199999982,-1.8376753199999996,-1.7429310599999992,-1.741341698,0.9772536385150076,-0.7640880594849935,-2.71859533651501,170400
-1.9197679400000005,-1.5573399599999989,-1.5776551799999998,-1.76879312,-1.6002665200000001,-1.7628730000000004,-1.6689571200000004,-1.851757379999998,-1.7993229799999995,-1.731555999999999,-1.7238289199999999,0.971308366018825,-0.752520553981176,-2.6951372860188276,170500
-1.9020383800000005,-1.567365599999999,-1.5980468799999996,-1.8396146000000002,-1.5727094200000002,-1.7271535200000006,-1.6539231600000006,-1.8558543799999978,-1.7513980999999996,-1.7569922799999989,-1.722509632,0.9671422229270027,-0.7553674090729982,-2.689651854927005,170600
-1.8849314400000003,-1.558355999999999,-1.6019080799999998,-1.8521130400000003,-1.5937586800000003,-1.7590649200000004,-1.6430300000000004,-1.8772238399999979,-1.7274444799999995,-1.7284072999999989,-1.7226237780000002,0.9682391881680406,-0.7543845898319604,-2.690862966168043,170700
-1.8909658400000005,-1.613521639999999,-1.5949059199999995,-1.8681998400000004,-1.6240693800000006,-1.7723050200000003,-1.6404340400000004,-1.882291439999998,-1.7427116199999995,-1.746299459999999,-1.7375704200000002,0.9715598205970718,-0.766010599402929,-2.7091302405970743,170800
-1.8969863600000003,-1.6360667999999992,-1.6559822799999995,-1.8207912800000003,-1.6327186600000005,-1.7896145600000002,-1.6866989000000003,-1.883219479999998,-1.7511122999999995,-1.7507727999999991,-1.750396342,0.9697029587726637,-0.780693383227337,-2.7200993007726657,170900
-1.9359643400000002,-1.616396699999999,-1.6510984999999994,-1.8122076400000002,-1.5864591600000002,-1.7951532400000003,-1.6936114800000004,-1.889904059999998,-1.7378948599999995,-1.7235301799999991,-1.744222016,0.966400478772422,-0.7778215372275787,-2.7106224947724242,171000
-1.9531571600000004,-1.6379011399999994,-1.6597998199999995,-1.8061903400000003,-1.5953702200000004,-1.7650163400000003,-1.6982712800000004,-1.8949986399999983,-1.7540033799999994,-1.8177329599999994,-1.7582441279999999,0.9830238397004756,-0.775220288299525,-2.741267967700478,171100
-1.9286576600000003,-1.5956999799999994,-1.6697113599999995,-1.7823931400000002,-1.6073648800000004,-1.7499514800000002,-1.7138964000000003,-1.8927294599999982,-1.7212514799999994,-1.8106521399999993,-1.7472307979999997,0.977353624580988,-0.7698771734190127,-2.7245844225809908,171200
-1.9420920600000005,-1.6285801399999995,-1.7130573599999994,-1.76717366,-1.6101734000000005,-1.73600828,-1.7020556200000003,-1.924259339999998,-1.7666488199999992,-1.8512854199999995,-1.7641334099999995,0.9917504270080988,-0.7723829829919018,-2.7558838370081014,171300
-1.9672400600000006,-1.6552572599999993,-1.6857517599999994,-1.76527824,-1.5985863400000004,-1.7065366599999998,-1.7476111000000005,-1.913352119999998,-1.764263899999999,-1.7997040199999994,-1.7603581459999993,0.9946458122443395,-0.7657123337556611,-2.755003958244342,171400
-2.0359442600000004,-1.6197997999999996,-1.6691601799999993,-1.81355958,-1.6002971000000006,-1.72442028,-1.7787893200000005,-1.8669555199999983,-1.792891079999999,-1.8007567199999996,-1.770257383999999,0.9974864023299449,-0.7727709816700556,-2.767743786329947,171500
-2.0682655200000006,-1.6476621199999997,-1.6652824199999992,-1.8502252799999999,-1.5880005400000008,-1.77325346,-1.8013013600000005,-1.8959290999999983,-1.7571275199999992,-1.7776582599999997,-1.782470557999999,0.9923660281641399,-0.7901045298358604,-2.774836586164143,171600
-2.0692122800000003,-1.6454795199999994,-1.7226621799999993,-1.82591012,-1.6371077800000007,-1.75054508,-1.8666627800000004,-1.9494792799999983,-1.7960661999999992,-1.7915933399999997,-1.8054718559999992,1.0096854940041198,-0.7957863619958805,-2.8151573500041227,171700
-2.0554029600000003,-1.6717724199999995,-1.7460031599999994,-1.8574678400000002,-1.6414988600000007,-1.7478493599999998,-1.9074083000000002,-1.9175912999999982,-1.762690979999999,-1.7739130999999997,-1.808159827999999,1.014709903269064,-0.7934499247309361,-2.8228697312690674,171800
-2.0777269200000004,-1.6628832799999995,-1.7412690399999995,-1.87226114,-1.6055547400000005,-1.7671554999999999,-1.9258138400000004,-1.9088538999999982,-1.7271861999999991,-1.7752744199999997,-1.8063978979999993,1.0101926390357006,-0.7962052589642995,-2.8165905370357036,171900
-2.0884170800000006,-1.6890509199999995,-1.7357658199999995,-1.8496594399999997,-1.6213874600000004,-1.76275534,-1.9303770000000002,-1.9294097199999982,-1.6889925999999988,-1.8223040799999994,-1.811811945999999,1.012986928711336,-0.7988250172886643,-2.8247988747113393,172000
-2.1116588400000005,-1.7006900399999996,-1.7283501999999993,-1.84595418,-1.5987905800000004,-1.7823534799999998,-1.9178673600000002,-1.9361721199999982,-1.6887084799999987,-1.8151247199999998,-1.8125669999999992,1.0181321203531788,-0.7944348796468215,-2.830699120353182,172100
-2.1119196400000004,-1.7326989199999994,-1.7459520599999994,-1.80106708,-1.5785137000000002,-1.7786855599999998,-1.8930620800000002,-1.9388233199999982,-1.6887833199999989,-1.7708251799999997,-1.8040330859999991,1.013412831908921,-0.790620254091079,-2.817445917908925,172200
-2.07861396,-1.7256113199999994,-1.7590004799999994,-1.78710468,-1.5759798000000003,-1.7704252799999998,-1.9043502400000003,-1.9417918399999983,-1.687347159999999,-1.7461901399999997,-1.7976414899999993,1.0093951270681523,-0.7882463629318479,-2.807036617068156,172300
-2.0814550000000005,-1.7438643399999991,-1.7422884799999994,-1.79118008,-1.5685816800000003,-1.80607136,-1.8588293800000002,-1.9611935199999981,-1.737666659999999,-1.7426172799999997,-1.8033747779999991,1.0151246679907238,-0.7882501100092764,-2.818499445990728,172400
-2.0937274400000003,-1.7147464199999993,-1.7742266199999994,-1.78727464,-1.5758646600000006,-1.79712276,-1.8152620000000004,-2.023076399999998,-1.702585099999999,-1.76904004,-1.8052926079999991,1.019330640215351,-0.785961967784649,-2.824623248215355,172500
-2.09911998,-1.7052840999999992,-1.7478376599999996,-1.74989198,-1.6058881600000006,-1.7987243000000002,-1.8224456200000003,-2.017938979999998,-1.700002139999999,-1.79297702,-1.8040109939999993,1.0182956856970728,-0.785715308302927,-2.822306679697077,172600
-2.0755512200000004,-1.755776679999999,-1.6908515599999996,-1.7158291399999999,-1.6021400000000008,-1.78149162,-1.8882197600000004,-1.9525614799999977,-1.6869406399999989,-1.80078894,-1.7950151039999995,1.0253155684836643,-0.7696995355163355,-2.820330672483669,172700
-2.1498358200000003,-1.772976339999999,-1.6481877599999997,-1.76539128,-1.5624661000000006,-1.7389422599999997,-1.8513576200000006,-1.9483765799999977,-1.676136699999999,-1.8235872800000001,-1.7937257739999994,1.039705396282276,-0.7540203777177237,-2.8334311702822803,172800
-2.1200347200000005,-1.740218759999999,-1.6425724999999998,-1.72701152,-1.6001830000000006,-1.7203847599999997,-1.8706375400000008,-1.9655678399999978,-1.6634632999999992,-1.8461832200000001,-1.7896257159999995,1.0421994705472566,-0.747426245452743,-2.8318251865472615,172900
-2.1150164000000005,-1.755503179999999,-1.64648622,-1.75828056,-1.6298344400000007,-1.7646341399999996,-1.8887539400000009,-1.9737459999999978,-1.6695676799999992,-1.87961554,-1.8081438099999998,1.0453397605515504,-0.7628040494484495,-2.853483570551555,173000
-2.0869558200000005,-1.7224858799999987,-1.6732493400000001,-1.7980032599999998,-1.6925159200000008,-1.7103688399999997,-1.8829766400000008,-1.991280299999998,-1.6723291599999994,-1.8511176,-1.8081282759999997,1.0415591927054177,-0.7665690832945822,-2.8496874687054223,173100
-2.0662806000000002,-1.6908884399999988,-1.6871268000000001,-1.7887353399999997,-1.703623440000001,-1.7342442599999996,-1.9192401200000007,-1.991846739999998,-1.6655366399999993,-1.8340475,-1.8081569879999997,1.047693452208398,-0.7604635357916019,-2.8558504402084024,173200
-2.1216908200000004,-1.6765251399999987,-1.67358338,-1.78454122,-1.6532586200000012,-1.7196275399999996,-1.9240501600000004,-2.023490959999998,-1.6344167799999993,-1.8178399800000002,-1.8029024599999997,1.0523172744564604,-0.7505851855435395,-2.855219734456465,173300
-2.14138784,-1.664115699999999,-1.67365828,-1.7839019799999998,-1.627182640000001,-1.6896821999999998,-1.9485658400000003,-1.976174499999998,-1.6332705399999994,-1.80766242,-1.7945601939999998,1.0490999935757115,-0.7454602004242885,-2.843660187575716,173400
-2.15945754,-1.679537059999999,-1.6441626399999998,-1.8193781599999996,-1.6299520200000008,-1.6989168399999997,-1.9811473200000003,-1.970452439999998,-1.6126493599999996,-1.82876868,-1.8024422059999998,1.0521365502451159,-0.750305655754884,-2.8545787562451204,173500
-2.17924528,-1.690748439999999,-1.6889768199999997,-1.8442092199999995,-1.605002820000001,-1.7130310999999994,-1.9388537600000004,-1.8990332999999981,-1.5118553799999994,-1.8439565800000002,-1.7914912699999996,1.0309962583820176,-0.7604950116179822,-2.8224875283820223,173600
-2.22038078,-1.7214558799999988,-1.6834929799999998,-1.8378579799999994,-1.5926544400000011,-1.7018384999999996,-1.9007803600000006,-1.886730319999998,-1.4894382799999997,-1.8787511600000004,-1.7913380679999995,1.0397659414191194,-0.7515721265808802,-2.831104009419124,173700
-2.2055044,-1.7147814199999987,-1.6751555399999998,-1.8769908999999994,-1.594089680000001,-1.7245953599999992,-1.8669648800000005,-1.9023756399999983,-1.4916710999999998,-1.8815230800000002,-1.7933651999999995,1.048057103740267,-0.7453080962597327,-2.8414223037402717,173800
-2.12816116,-1.735360579999999,-1.6832515399999999,-1.8860744199999993,-1.579433720000001,-1.7472101999999992,-1.8510336000000003,-1.8906904799999982,-1.53207718,-1.9231130800000003,-1.7956405959999995,1.036444973908843,-0.7591956220911569,-2.8320855699088474,173900
-2.0848048799999996,-1.721372199999999,-1.67289344,-1.8471171599999991,-1.5868060200000011,-1.7427548599999991,-1.8439430600000006,-1.814502879999998,-1.5564264,-1.9627789600000003,-1.7833399859999994,1.029974300188798,-0.753365685811202,-2.8133142861888025,174000
-2.11490864,-1.706027639999999,-1.6890215,-1.7971381399999993,-1.575775100000001,-1.660956899999999,-1.8295262000000008,-1.806579999999998,-1.5555794,-1.9230529200000002,-1.7658566439999992,1.0192896158818288,-0.7465670281181712,-2.7851462598818335,174100
-2.0609976,-1.6923816799999991,-1.6772744400000001,-1.8228631599999991,-1.570217340000001,-1.6699278599999992,-1.7906325200000008,-1.7756355999999982,-1.5425714,-1.9186501400000002,-1.7521151739999994,1.014412409142168,-0.737702764857832,-2.7665275831421723,174200
-2.0008906599999996,-1.6923839399999991,-1.7054935800000002,-1.792370499999999,-1.580528920000001,-1.6865676599999992,-1.6891758200000009,-1.7863863399999982,-1.4926080399999997,-1.9212229000000003,-1.7347628359999994,0.9973374360280753,-0.7374253999719245,-2.7321002720280796,174300
-2.00020396,-1.6781239399999992,-1.7864865400000003,-1.7666657199999989,-1.5936047800000008,-1.6904540199999991,-1.6556462600000008,-1.7363188399999983,-1.5005292999999997,-1.85368064,-1.7261713999999995,0.9986883163038732,-0.7274830836961267,-2.724859716303878,174400
-2.0005657799999996,-1.6677029199999993,-1.7935480000000001,-1.776036959999999,-1.5856618600000008,-1.6786130599999993,-1.6908815600000011,-1.7068870199999984,-1.4904392799999997,-1.8028993400000002,-1.7193235779999996,1.001600372550571,-0.7177232054494286,-2.7209239505505765,174500
-1.9893284599999999,-1.6597326199999995,-1.7964793000000001,-1.763611879999999,-1.5406061800000008,-1.6153306399999994,-1.6774532600000012,-1.7916410599999983,-1.4899653599999996,-1.7608491600000002,-1.7084997919999996,1.0096120616206254,-0.6988877303793742,-2.718111853620631,174600
-1.98088596,-1.6509691399999995,-1.7455059800000001,-1.7134131599999989,-1.557193100000001,-1.6080235999999994,-1.6461274800000012,-1.8441867399999985,-1.4871790999999999,-1.7872687000000003,-1.7020752959999996,1.0118478541881117,-0.6902274418118881,-2.713923150188117,174700
-2.0108568,-1.6543133199999993,-1.7440552,-1.726236339999999,-1.563249780000001,-1.5917292399999992,-1.6642660200000012,-1.8435609199999985,-1.46628722,-1.7885540000000004,-1.7053108839999995,1.0067217115343978,-0.6985891724656021,-2.7120325955344025,174800
-1.9636188199999998,-1.6372459599999993,-1.7432152600000002,-1.7355772599999988,-1.5682106000000011,-1.609169059999999,-1.6914672000000013,-1.8779350199999985,-1.4358972399999996,-1.8166081400000005,-1.7078944559999996,1.0105124863444401,-0.6973819696555598,-2.7184069423444446,174900
-1.9501451199999997,-1.6368078799999992,-1.7067596400000002,-1.7055781599999988,-1.5756733000000012,-1.5811771799999992,-1.6867415600000015,-1.8877190599999987,-1.4235362399999993,-1.8124011400000006,-1.6966539279999997,1.0024312892927054,-0.6942226387072945,-2.6990852172927102,175000
-2.0058718599999996,-1.6375472799999995,-1.7390087000000003,-1.675411359999999,-1.590832260000001,-1.584827339999999,-1.6545139000000015,-1.8632898799999984,-1.4089532799999995,-1.8115966800000007,-1.6971852539999999,1.0076694639050052,-0.6895157900949945,-2.70485471790501,175100
-2.02965536,-1.6297453199999996,-1.7253400200000002,-1.628113099999999,-1.614528660000001,-1.528659879999999,-1.6577944000000013,-1.8884232399999983,-1.3965849399999997,-1.8328281600000005,-1.6931673079999998,1.012249502176539,-0.6809178058234607,-2.705416810176544,175200
-2.02052326,-1.6519005399999995,-1.6810235200000003,-1.652810059999999,-1.6344109800000013,-1.5172132599999992,-1.6568938000000015,-1.830078219999998,-1.4010367399999994,-1.8366655600000004,-1.6882555939999997,1.0069599330870758,-0.681295660912924,-2.695215527087081,175300
-2.0313534200000003,-1.6387953599999994,-1.7412097800000002,-1.6778909399999993,-1.5795509200000013,-1.5113587999999993,-1.6251206000000016,-1.764553079999998,-1.3650112799999996,-1.8786896600000005,-1.6813533839999997,1.0032583346868853,-0.6780950493131145,-2.6846117186868907,175400
-2.0451085399999998,-1.6535824199999993,-1.7629317,-1.698733559999999,-1.565582480000001,-1.5125356799999992,-1.6833030000000015,-1.764159939999998,-1.3973217199999997,-1.8456633200000006,-1.6928922359999996,1.007796645692891,-0.6850955903071088,-2.7006888816928964,175500
-2.09208154,-1.6816025399999992,-1.7504888,-1.644326739999999,-1.600443140000001,-1.5306611199999989,-1.7016537600000015,-1.7229242799999982,-1.3981053199999993,-1.8322935200000006,-1.6954580759999995,1.0094386559265132,-0.6860194200734868,-2.7048967319265187,175600
-2.1233148,-1.6705703599999993,-1.74307162,-1.640113219999999,-1.6365986600000009,-1.557448399999999,-1.7211831400000015,-1.7008899599999985,-1.4050277999999994,-1.8594782400000005,-1.7057696199999994,1.023680754262653,-0.6820888657373472,-2.7294503742626586,175700
-2.13715372,-1.6422868399999992,-1.7659234600000002,-1.6039394599999988,-1.6024765200000006,-1.613442119999999,-1.7478319200000016,-1.6909513599999983,-1.4011046399999996,-1.8706000600000003,-1.7075710099999994,1.0332589227162452,-0.6743120872837549,-2.7408299327162506,175800
-2.1228656800000003,-1.6270915799999992,-1.7539846200000002,-1.596969499999999,-1.5878456600000006,-1.5948908799999992,-1.7426214000000015,-1.7102146999999983,-1.3781216599999992,-1.8438490600000004,-1.6958454739999995,1.0371982215705033,-0.6586472524294968,-2.733043695570509,175900
-2.0771049000000006,-1.670671259999999,-1.7400198800000004,-1.569855519999999,-1.6587883000000008,-1.6073605199999992,-1.7463104000000016,-1.692921819999998,-1.3895669399999995,-1.8380538600000005,-1.6990653399999993,1.0477592240276312,-0.651306115972369,-2.746824564027637,176000
-2.0599242400000004,-1.650508759999999,-1.7417673600000003,-1.559492319999999,-1.683915660000001,-1.6569675399999992,-1.7166254200000017,-1.719016139999998,-1.3613262599999996,-1.7727103800000004,-1.6922254079999997,1.040678448693741,-0.6515469593062592,-2.7329038566937465,176100
-2.0032274600000006,-1.662207599999999,-1.7532987400000004,-1.5538659999999993,-1.664998980000001,-1.6622081999999991,-1.7624789800000016,-1.6913254799999982,-1.4178558599999997,-1.7735422600000004,-1.6945009559999997,1.0395919056577814,-0.6549090503422189,-2.734092861657787,176200
-1.9917273000000002,-1.6346381599999988,-1.7138544600000005,-1.5831519599999995,-1.6576001800000009,-1.6949148399999994,-1.7842644000000016,-1.6699726999999982,-1.4205631799999998,-1.7216972000000004,-1.6872384379999994,1.0268742333179284,-0.660364204682072,-2.714112671317934,176300
-1.99668942,-1.613250679999999,-1.7468227400000007,-1.5585386599999995,-1.7058605800000006,-1.7374556399999994,-1.7799658600000015,-1.6652607399999981,-1.41630814,-1.7559232600000003,-1.6976075719999995,1.0226026564411548,-0.6750049155588456,-2.720210228441161,176400
-1.8999032,-1.6048487199999988,-1.7538801400000008,-1.5233541199999996,-1.7169997400000008,-1.7174574399999996,-1.7961147600000016,-1.685897979999998,-1.35965568,-1.7641663000000003,-1.6822278079999995,1.0155019547590134,-0.6667258532409867,-2.69772976275902,176500
-1.8935673200000003,-1.6229486199999987,-1.792913420000001,-1.5156402999999994,-1.7929520800000005,-1.7083568999999994,-1.7805078400000016,-1.695079459999998,-1.37728058,-1.7975872200000003,-1.6976833739999995,1.020847338604316,-0.676836035395684,-2.718530712604322,176600
-1.8397850400000002,-1.6765869799999988,-1.721474400000001,-1.5440364799999995,-1.7595884600000005,-1.7251390999999996,-1.7168968800000015,-1.666193999999998,-1.34453778,-1.7731757800000003,-1.6767414899999995,1.0080153533911325,-0.6687261366088677,-2.6847568433911384,176700
-1.8349749800000001,-1.6682607599999986,-1.713739320000001,-1.5195526999999995,-1.7414100000000006,-1.7390849599999996,-1.668538320000002,-1.685987219999998,-1.3385495400000003,-1.74365382,-1.6653751619999995,0.9985787001215006,-0.6667964618784995,-2.6639538621215064,176800
-1.8355674,-1.6719629799999987,-1.7088252800000012,-1.5581145399999996,-1.7154038400000005,-1.7064629799999997,-1.6760363000000018,-1.7110368399999976,-1.36925704,-1.73153616,-1.6684203359999992,0.9993116152814865,-0.6691087207185137,-2.6677319512814925,176900
-1.8199536199999997,-1.6131681399999989,-1.8107916800000012,-1.5244016999999999,-1.6997010600000004,-1.7223355999999996,-1.7128068000000019,-1.6977500599999977,-1.34963682,-1.71467158,-1.6665217059999993,1.0071348544975736,-0.6593868515024266,-2.6736565604975793,177000
-1.7525276199999995,-1.6284182999999988,-1.8104047600000013,-1.5477494199999997,-1.6905814000000003,-1.7314729799999995,-1.7360893400000021,-1.7287028999999976,-1.33120074,-1.73895692,-1.6696104379999992,1.0028298223379373,-0.6667806156620631,-2.6724402603379427,177100
-1.8085917199999997,-1.6240711999999988,-1.8018765800000012,-1.5743703999999996,-1.6774235800000001,-1.7615887399999994,-1.804464340000002,-1.7547692199999974,-1.3468674400000002,-1.74217826,-1.689620147999999,1.0199808081292856,-0.6696393398707149,-2.709600956129291,177200
-1.8565344199999998,-1.672397419999999,-1.792562080000001,-1.5986906599999997,-1.70650696,-1.7973885399999994,-1.780913280000002,-1.7314146399999977,-1.3504888200000003,-1.7298080600000003,-1.7016704879999989,1.0365343207174553,-0.6651361672825449,-2.738204808717461,177300
-1.8393842199999997,-1.670001179999999,-1.7964968200000009,-1.5775627199999998,-1.73672662,-1.7390258999999995,-1.787295300000002,-1.7085906199999976,-1.3289439600000004,-1.7398552000000003,-1.692388253999999,1.030445000239719,-0.6619432537602813,-2.7228332542397244,177400
-1.8460938999999996,-1.699807239999999,-1.7807221200000012,-1.5800193799999998,-1.74594634,-1.7348939799999996,-1.8004882600000018,-1.6680308799999977,-1.3191954800000003,-1.7074749200000001,-1.6882672499999989,1.0200741731347918,-0.6681930768652089,-2.708341423134797,177500
-1.8493302599999994,-1.729285019999999,-1.8460607600000012,-1.5875479,-1.7106024,-1.6962414799999996,-1.781305840000002,-1.6654385599999977,-1.3201533600000002,-1.68385778,-1.686982335999999,1.0270282368345824,-0.6599540991654181,-2.7140105728345874,177600
-1.8657029199999995,-1.667734739999999,-1.840301840000001,-1.6135140199999998,-1.7539418599999999,-1.7494327999999997,-1.725449520000002,-1.7217648799999978,-1.3368128600000002,-1.7055704200000001,-1.6980225859999991,1.0133391264923794,-0.6846834595076211,-2.7113617124923843,177700
-1.8248381199999995,-1.626590339999999,-1.8721148000000012,-1.5816468999999997,-1.77018414,-1.8346017399999996,-1.736320940000002,-1.7554287999999978,-1.3469732,-1.68872592,-1.703742489999999,1.010572520968056,-0.6931699690319446,-2.7143150109680607,177800
-1.8615764599999993,-1.635288759999999,-1.853084100000001,-1.6237986999999998,-1.72335338,-1.8331951399999997,-1.751443760000002,-1.7323698199999975,-1.37323138,-1.6737102000000001,-1.706105169999999,1.0079348220119853,-0.6981703479880155,-2.71403999201199,177900
-1.8601101999999994,-1.6160518799999992,-1.8740232000000008,-1.6080105199999999,-1.69980904,-1.7957463399999998,-1.751328580000002,-1.7630020599999974,-1.3951957400000001,-1.6717823600000004,-1.7035059919999989,1.0071938927275206,-0.6963120992724803,-2.7106998847275245,178000
-1.8616646399999996,-1.630766079999999,-1.879330640000001,-1.5716640000000002,-1.66309184,-1.7902424799999996,-1.730462640000002,-1.7139739999999974,-1.4076134000000002,-1.6852277600000003,-1.6934037479999988,1.0069412735396275,-0.6864624744603733,-2.7003450215396314,178100
-1.8867917599999995,-1.6485499399999992,-1.8508317000000007,-1.59276016,-1.65467742,-1.7663006399999999,-1.7025328000000022,-1.7276480399999974,-1.4428229000000001,-1.6875801000000001,-1.696049545999999,0.999529818420112,-0.6965197275798887,-2.6955793644201163,178200
-1.8480004399999996,-1.6791432799999992,-1.8286829000000009,-1.5364441599999998,-1.65487324,-1.7643909199999996,-1.7651465600000023,-1.6883111999999973,-1.4692278800000003,-1.7347738000000001,-1.6968994379999993,0.9979204025509962,-0.6989790354490044,-2.694819840551,178300
-1.8581114799999998,-1.6772410999999992,-1.831792200000001,-1.5912678799999997,-1.6586562200000001,-1.7639983399999994,-1.7539472800000024,-1.6903520399999974,-1.4652470000000002,-1.7395524000000002,-1.7030165939999993,1.0110846372598872,-0.6919319567401133,-2.7141012312598916,178400
-1.8381659599999998,-1.6920591599999988,-1.847570740000001,-1.5726367199999998,-1.6638883000000002,-1.7459623799999995,-1.7222633600000024,-1.6717918999999972,-1.4763585600000002,-1.7340527200000002,-1.6964749799999992,0.999551420769235,-0.6969235592307657,-2.69602640076924,178500
-1.85095376,-1.6726059999999987,-1.815461220000001,-1.57230856,-1.6865596600000001,-1.7139774199999998,-1.7411186600000021,-1.6972745399999971,-1.4756407600000003,-1.7548322800000002,-1.6980732859999992,0.9979496150011268,-0.7001236709988738,-2.6960229010011316,178600
-1.8232431599999999,-1.6167097599999989,-1.8504904600000012,-1.57025636,-1.68962006,-1.7266744999999994,-1.8344805200000023,-1.686465279999997,-1.47439124,-1.73298078,-1.7005312119999993,1.0002510410782164,-0.7002801709217844,-2.7007822530782217,178700
-1.8019264199999998,-1.631994839999999,-1.944274380000001,-1.5169479,-1.6792104,-1.6847719199999995,-1.826482540000002,-1.6700579399999969,-1.4830734800000003,-1.74890848,-1.6987648299999991,1.0056103647698758,-0.6931544652301249,-2.704375194769881,178800
-1.78455404,-1.612990419999999,-1.934958280000001,-1.5658196399999997,-1.6775750600000001,-1.7190807599999998,-1.825823860000002,-1.6539499399999968,-1.4538123200000002,-1.7639026000000002,-1.6992466919999993,1.0118456655235184,-0.6874010264764824,-2.711092357523524,178900
-1.77833724,-1.6227623199999988,-1.963473140000001,-1.5747813,-1.6352324200000001,-1.7127114399999996,-1.848364780000002,-1.638019299999997,-1.4340158600000001,-1.7105536000000003,-1.691825139999999,1.0088993208890873,-0.6829258191109137,-2.700724460889093,179000
-1.7704085999999999,-1.6174043599999988,-1.9634465000000008,-1.6420361599999997,-1.6202660400000002,-1.71153688,-1.8299209600000017,-1.6556501399999968,-1.43450268,-1.7492077200000005,-1.699438003999999,1.0155205015401885,-0.6839175024598123,-2.7149585055401935,179100
-1.7541848999999998,-1.6146128799999986,-1.9511563000000007,-1.61555148,-1.6603713600000003,-1.71182584,-1.8461757200000017,-1.6807194199999966,-1.4108611,-1.7582002600000004,-1.700365925999999,1.0194040337642534,-0.6809618922357475,-2.719769959764258,179200
-1.80308706,-1.5992599399999983,-1.9147958600000008,-1.62665862,-1.6561943800000003,-1.7063760199999998,-1.9062539200000015,-1.6615549999999968,-1.4257472999999998,-1.7425236400000006,-1.704245173999999,1.0303871761636791,-0.6738579978363218,-2.7346323501636842,179300
-1.8142613,-1.580213259999998,-1.8389777000000007,-1.6460684399999999,-1.6680154600000003,-1.6940416600000001,-1.8862515600000014,-1.6766649399999969,-1.45763776,-1.7368543600000006,-1.6998986439999988,1.0173293446903684,-0.6825692993096325,-2.7172279886903734,179400
-1.8389342400000002,-1.6025103599999984,-1.8233281200000007,-1.65968978,-1.6699604800000003,-1.7385817399999999,-1.8502711400000011,-1.6756636999999968,-1.43862022,-1.7602649200000007,-1.7057824699999988,1.020457407592971,-0.6853250624070297,-2.7262398775929757,179500
-1.85581034,-1.5988311399999982,-1.8631553600000006,-1.6368093799999999,-1.6702101200000001,-1.7126510199999998,-1.8641196400000013,-1.5598167599999966,-1.4536599799999999,-1.7875993600000009,-1.700266309999999,0.9987381132799678,-0.7015281967200331,-2.699004423279972,179600
-1.86947186,-1.595726999999998,-1.8958323200000007,-1.63948762,-1.6558087000000004,-1.7182942999999997,-1.8995740600000013,-1.5184784199999966,-1.4461569399999998,-1.755628180000001,-1.699445939999999,0.9906053210489786,-0.708840618951022,-2.690051261048983,179700
-1.84807718,-1.6265937399999981,-1.8972069000000007,-1.61342828,-1.6528710600000005,-1.74160934,-1.9340770600000012,-1.5512773799999962,-1.40587596,-1.744703720000001,-1.701572061999999,0.9997498534256044,-0.7018222085743961,-2.701321915425609,179800
-1.85939494,-1.626116599999998,-1.8828390600000007,-1.63515222,-1.6575437200000005,-1.7420756599999998,-1.8921549600000014,-1.5845496999999964,-1.4785425,-1.678346140000001,-1.703671549999999,1.0089524695609755,-0.694719080439025,-2.7126240195609808,179900
-1.85516238,-1.6785317799999981,-1.9149095600000003,-1.6712313,-1.6548726000000005,-1.7098965199999998,-1.9212225600000012,-1.6039583799999964,-1.4546724,-1.6734057000000009,-1.713786317999999,1.0199244270308687,-0.693861890969132,-2.7337107450308737,180000
-1.8138234800000004,-1.687640519999998,-1.8923108600000003,-1.67649748,-1.6211469200000004,-1.7624102799999997,-1.9188153800000014,-1.6115400999999963,-1.47027446,-1.703893300000001,-1.715835277999999,1.0164710109523056,-0.6993642670476952,-2.73230628895231,180100
-1.7874474800000004,-1.6734915799999979,-1.9102454800000004,-1.7123959,-1.6194915000000005,-1.7694001199999996,-1.8962410000000014,-1.5802198399999963,-1.4835246,-1.670279920000001,-1.710273741999999,1.0030487631385674,-0.7072249788614333,-2.713322505138572,180200
-1.8014992400000003,-1.6536676399999979,-1.9158363600000003,-1.6778056399999997,-1.5909673000000006,-1.7668845999999996,-1.8851757200000014,-1.6073664399999965,-1.5011850000000002,-1.679623460000001,-1.708001139999999,1.0008999926144944,-0.7071011473855063,-2.7089011326144994,180300
-1.7947692000000002,-1.6322249199999979,-1.8514859000000004,-1.6673233399999996,-1.6361630200000008,-1.7500713399999994,-1.8857342400000012,-1.6162524399999965,-1.5249566799999998,-1.692850360000001,-1.705183143999999,0.997849777494182,-0.7073333665058186,-2.7030329214941866,180400
-1.75923068,-1.631049319999998,-1.8551124800000005,-1.6737122199999996,-1.6563943400000007,-1.7475772799999996,-1.8555045400000014,-1.6993146399999963,-1.51007612,-1.689037880000001,-1.7077009499999989,0.9995184611977396,-0.7081824888022611,-2.7072194111977446,180500
-1.67258284,-1.613722619999998,-1.8798887400000006,-1.7035153399999996,-1.6505513400000007,-1.7232122399999996,-1.8309850600000015,-1.7297316799999962,-1.5510174,-1.686749400000001,-1.7041956659999988,0.998229160532838,-0.7059665054671629,-2.7024248265328423,180600
-1.63625588,-1.634475519999998,-1.8872709800000007,-1.7373112599999996,-1.5731130200000008,-1.6865841399999997,-1.7920662000000016,-1.761024739999996,-1.5582824200000003,-1.704065440000001,-1.6970449599999988,0.9829841746104917,-0.7140607853895091,-2.6800291346104963,180700
-1.6466694199999998,-1.668140339999998,-1.8925354400000005,-1.7627805199999997,-1.5925286000000005,-1.6345686799999997,-1.7726154800000016,-1.759448339999996,-1.5353956400000002,-1.7010019800000011,-1.696568443999999,0.9801774273691889,-0.7163910166308117,-2.6767458713691936,180800
-1.6303035999999997,-1.665341419999998,-1.8810153800000007,-1.7662965399999997,-1.5947428000000008,-1.6345537399999994,-1.8000077200000013,-1.7093333599999962,-1.5637199600000002,-1.7245505800000012,-1.696986509999999,0.9842846597797527,-0.7127018502202482,-2.6812711697797567,180900
-1.6592433599999998,-1.6203216399999982,-1.9049514000000005,-1.7852697399999997,-1.5517740400000009,-1.5933403999999995,-1.8166151600000011,-1.6945666999999964,-1.5692492600000003,-1.732856560000001,-1.692818825999999,0.9732759660914574,-0.7195428599085435,-2.666094792091461,181000
-1.6551308599999999,-1.6116388199999983,-1.9118440000000003,-1.7816381399999994,-1.4963635800000008,-1.5527937199999997,-1.827885020000001,-1.6907390199999963,-1.60901314,-1.7034128400000013,-1.684045913999999,0.9588963045236248,-0.7251496094763761,-2.6429422185236287,181100
-1.7195549399999999,-1.6259812399999982,-1.8855602000000002,-1.8282377999999995,-1.509794080000001,-1.5291850599999999,-1.769044160000001,-1.6561299799999964,-1.55779086,-1.709991560000001,-1.679126987999999,0.9610462640842081,-0.7180807239157927,-2.6401732520842116,181200
-1.73775148,-1.6446885399999982,-1.8798040800000002,-1.8105218599999993,-1.5000232200000008,-1.5078622399999997,-1.7682961200000011,-1.6390545599999964,-1.5364981200000003,-1.724552240000001,-1.674905245999999,0.9625863259219016,-0.7123189200780992,-2.6374915719219048,181300
-1.764376,-1.6226387999999983,-1.8773789000000003,-1.8075585199999993,-1.487475560000001,-1.4680568799999998,-1.7774783000000012,-1.6311261199999965,-1.5448938600000002,-1.694449240000001,-1.667543217999999,0.9677590497723341,-0.6997841682276668,-2.635302267772337,181400
-1.7762643400000002,-1.6424882599999984,-1.8557821800000003,-1.8114821399999992,-1.4979982200000006,-1.5071705599999998,-1.7365654600000011,-1.6065251999999963,-1.5563612000000004,-1.674210880000001,-1.6664848439999989,0.9641276717805641,-0.7023571722194367,-2.630612515780567,181500
-1.76252,-1.6184012599999982,-1.8202548200000002,-1.776348099999999,-1.4383613800000006,-1.5092590399999997,-1.715792100000001,-1.6301115999999962,-1.5498674800000003,-1.660930340000001,-1.6481846119999988,0.96492952229732,-0.6832550897026809,-2.613114134297323,181600
-1.8246287600000002,-1.5800312999999984,-1.8171312,-1.783981439999999,-1.4487658200000006,-1.4873508199999999,-1.700826160000001,-1.6235552199999963,-1.5838078000000004,-1.6699189200000013,-1.651999743999999,0.9657345801500735,-0.6862651638499274,-2.617734324150076,181700
-1.8491826000000002,-1.5711223599999982,-1.8074448199999997,-1.8012574999999986,-1.4716425400000008,-1.5062388999999996,-1.685533940000001,-1.6376814999999962,-1.6376959200000005,-1.7121193800000012,-1.667991945999999,0.969586020178323,-0.698405925821678,-2.6375779661783256,181800
-1.8574737800000005,-1.566642959999998,-1.8035522999999998,-1.7879443199999985,-1.4981859000000008,-1.5024728199999995,-1.6833213200000006,-1.6241947599999964,-1.6167325200000005,-1.6969573600000012,-1.663747803999999,0.9703913011304393,-0.6933565028695616,-2.634139105130442,181900
-1.9035102800000008,-1.5685638599999983,-1.7324211799999998,-1.8131046199999985,-1.5002598200000008,-1.5361669999999998,-1.7322799800000004,-1.6386182199999966,-1.6601865800000004,-1.6712396000000012,-1.6756351139999992,0.9631577985084965,-0.7124773154915043,-2.638792912508499,182000
-1.932940380000001,-1.5450437199999982,-1.6999451599999997,-1.7855175199999984,-1.501400760000001,-1.5165849799999997,-1.7218082400000003,-1.5861925999999966,-1.7058741400000001,-1.6520086600000012,-1.6647316159999992,0.9639810053924133,-0.7007506106075876,-2.628712621392416,182100
-1.9026122600000008,-1.5426659799999982,-1.6924038599999998,-1.7478584199999987,-1.513293880000001,-1.4661168399999998,-1.6919692800000001,-1.5439276799999966,-1.7216986,-1.6774525200000014,-1.6499999319999992,0.9541582577621215,-0.6958416742378793,-2.6041581897621238,182200
-1.8459251600000008,-1.445914859999998,-1.7193703,-1.7043363799999987,-1.459237960000001,-1.4552437399999996,-1.6956253400000003,-1.5468065399999964,-1.7283264400000002,-1.724241500000001,-1.6325028219999993,0.946040360873415,-0.6864624611265859,-2.578543182873417,182300
-1.8411349800000008,-1.458006999999998,-1.6994021000000001,-1.6992007599999985,-1.4222623200000009,-1.5145991399999996,-1.6844400000000004,-1.5383373799999964,-1.7239040600000002,-1.7365980800000012,-1.6317885819999993,0.95237829378101,-0.679410288218991,-2.5841668757810123,182400
-1.8344175800000009,-1.422689519999998,-1.7875986,-1.6703044799999984,-1.486856600000001,-1.5516914599999996,-1.7148106200000006,-1.5547042199999965,-1.74655154,-1.7583082400000012,-1.6527932859999992,0.9742706830313574,-0.6785226029686434,-2.62706396903136,182500
-1.8477212200000008,-1.3735384999999982,-1.7128285600000002,-1.6338487399999984,-1.5142342200000007,-1.5841249399999995,-1.7525446200000008,-1.5493123999999963,-1.7695694600000003,-1.734138440000001,-1.6471861099999991,0.9717989795732889,-0.6753871304267121,-2.618985089573292,182600
-1.810630800000001,-1.393702019999998,-1.7045044200000001,-1.6291568799999983,-1.4983091000000008,-1.5684847399999995,-1.7865982200000008,-1.4986799399999964,-1.77184154,-1.755498280000001,-1.6417405939999992,0.9740920396095141,-0.6676485543904869,-2.6158326336095166,182700
-1.7886305800000009,-1.4458200199999982,-1.71021646,-1.5747831599999982,-1.5144514000000007,-1.5007658999999995,-1.7833948400000006,-1.4986262999999962,-1.7680107600000001,-1.768165900000001,-1.635286531999999,0.9654395555430377,-0.669846976456963,-2.6007260875430402,182800
-1.7618249400000008,-1.4455621999999984,-1.7200990200000001,-1.549700659999998,-1.5413616400000008,-1.4978548599999995,-1.7478462600000007,-1.5052696799999965,-1.7572352800000004,-1.815991440000001,-1.6342745979999989,0.9660360785408182,-0.6682385194591824,-2.6003106765408206,182900
-1.7534335600000008,-1.5178550199999983,-1.6994510200000001,-1.553797719999998,-1.5245668400000005,-1.4776050799999993,-1.7955777800000003,-1.5126339799999966,-1.7275353200000003,-1.7883101800000007,-1.6350766499999991,0.9709945542757484,-0.6640820957242524,-2.6060712042757515,183000
-1.8005165400000007,-1.5285506799999982,-1.7054212800000002,-1.554781019999998,-1.5214870000000005,-1.5033029999999994,-1.8209519600000004,-1.5399860199999964,-1.7290182600000004,-1.789713440000001,-1.649372919999999,0.9670365105898143,-0.6823364094101864,-2.616409430589817,183100
-1.7817420200000007,-1.5197321399999981,-1.6976700000000002,-1.5778702399999984,-1.5292963200000003,-1.5210621199999994,-1.8192202800000004,-1.5020133799999962,-1.73491068,-1.829411520000001,-1.651292869999999,0.9755293427990452,-0.6757635272009556,-2.6268222127990475,183200
-1.7573908200000008,-1.5025602799999982,-1.7515720200000002,-1.6566729999999985,-1.5735971000000004,-1.5349720599999994,-1.7577768000000003,-1.4841289799999962,-1.7128958399999998,-1.806377300000001,-1.6537944199999988,0.977129320572131,-0.6766650994278699,-2.630923740572133,183300
-1.7417250000000006,-1.524174919999998,-1.73581264,-1.5861257599999985,-1.5596965800000004,-1.5344540399999993,-1.7491149200000005,-1.5192854199999963,-1.70779854,-1.7927416000000007,-1.645092941999999,0.9655771291317491,-0.6795158128682517,-2.6106700711317505,183400
-1.7329979000000006,-1.5531951399999984,-1.78158606,-1.5735715599999984,-1.5619346800000002,-1.5022600399999997,-1.7285293400000006,-1.5190425999999961,-1.68979838,-1.7749004800000008,-1.6417816179999989,0.9788627001538983,-0.6629189178461026,-2.6206443181538996,183500
-1.7032043800000005,-1.5370537799999981,-1.7734683999999998,-1.5531550199999984,-1.5757455200000001,-1.5250312999999993,-1.7488764400000008,-1.5029995599999963,-1.7180285800000001,-1.7526516800000007,-1.6390214659999989,0.984906021431717,-0.6541154445682839,-2.623927487431718,183600
-1.7195377000000007,-1.537279179999998,-1.78780688,-1.5768911599999984,-1.57993716,-1.4969584999999994,-1.6723142200000007,-1.5217131399999964,-1.7080570200000003,-1.7436399600000008,-1.6344134919999989,0.975468810846765,-0.6589446811532356,-2.609882302846766,183700
-1.720502060000001,-1.561102999999998,-1.72832896,-1.5806393999999986,-1.6065579200000002,-1.4994761199999997,-1.7051047800000005,-1.5496107999999962,-1.7095533000000003,-1.7299618000000008,-1.6390838139999988,0.9589260980833053,-0.6801577159166954,-2.5980099120833064,183800
-1.712817500000001,-1.558634819999998,-1.70990182,-1.5411904599999986,-1.6327011200000003,-1.4538590599999994,-1.6975475200000005,-1.5848645799999963,-1.7324213200000003,-1.6604664600000008,-1.6284404659999987,0.9459320581762266,-0.682508407823774,-2.5743725241762276,183900
-1.7406744000000012,-1.5609535999999984,-1.70253186,-1.5470002599999984,-1.6707188800000004,-1.4402468599999994,-1.6537691600000004,-1.6148784599999961,-1.7830789000000005,-1.7095372600000005,-1.6423389639999988,0.9493623890432068,-0.6929765749567939,-2.5917013530432076,184000
-1.7075927600000014,-1.5800065199999984,-1.70911696,-1.4910569399999987,-1.6539982000000004,-1.5020456399999995,-1.6470848000000007,-1.6973799399999963,-1.7952347000000004,-1.6732686000000003,-1.645678505999999,0.9655663458230839,-0.6801121601769168,-2.611244851823085,184100
-1.7294877200000014,-1.6228681999999983,-1.7948828000000003,-1.4918061799999984,-1.6170989200000003,-1.4788160399999994,-1.6641718600000006,-1.6967253799999964,-1.8020958200000003,-1.6688728800000003,-1.656682579999999,0.9734463419186068,-0.6832362380813939,-2.6301289219186077,184200
-1.6590627800000013,-1.6613551599999985,-1.8074530800000006,-1.4715123599999984,-1.6388947800000002,-1.4613375199999996,-1.6117533600000007,-1.7284117199999962,-1.7930350800000006,-1.6754877200000005,-1.6508303559999988,0.9656502288356775,-0.6851801271643231,-2.6164805848356787,184300
-1.6671075400000013,-1.6589001799999985,-1.7755587400000004,-1.4386309599999985,-1.6032028800000004,-1.5369020399999993,-1.6072200200000006,-1.7071740199999963,-1.8188337200000004,-1.7081092000000004,-1.652163929999999,0.978330417733532,-0.6738335122664685,-2.630494347733533,184400
-1.6185028800000012,-1.6329370599999984,-1.8109463600000004,-1.4339726199999985,-1.6018602200000003,-1.4939935399999993,-1.6127615800000006,-1.7148926599999965,-1.8495304200000005,-1.6885300800000003,-1.645792741999999,0.9752126513073504,-0.6705800906926502,-2.6210053933073514,184500
-1.6550823400000012,-1.6115281999999984,-1.8239134400000006,-1.4518896799999985,-1.6036416200000005,-1.5042255199999994,-1.6315447600000008,-1.7243081599999965,-1.8089644200000004,-1.68591386,-1.6501011999999988,0.9839076366847442,-0.6661935633152564,-2.634008836684745,184600
-1.667473180000001,-1.6059894799999987,-1.7836508800000004,-1.4537138199999984,-1.5984187800000003,-1.5007503399999995,-1.5990485200000006,-1.7510821199999964,-1.7996813000000003,-1.6757724999999999,-1.6435580919999986,0.9844649086405084,-0.6590931833594921,-2.62802300064051,184700
-1.675491100000001,-1.5760162999999985,-1.7511206200000005,-1.4932825199999984,-1.5896809600000004,-1.4972516799999993,-1.5380987000000008,-1.7014263599999964,-1.7894780800000003,-1.6874743799999998,-1.6299320699999986,0.97042710833058,-0.6595049616694206,-2.6003591783305815,184800
-1.6899878600000011,-1.5853006999999988,-1.7536777000000003,-1.5453614399999986,-1.5731084800000001,-1.5190234799999995,-1.5482281400000004,-1.6246951999999961,-1.7314693200000002,-1.74961938,-1.6320471699999988,0.9668772737985353,-0.6651698962014653,-2.5989244437985364,184900
-1.685780120000001,-1.5783743399999985,-1.7533849600000004,-1.4992724599999985,-1.56528798,-1.5228814999999998,-1.5977452200000004,-1.5810107999999963,-1.7538415800000005,-1.7502496399999998,-1.6287828599999985,0.9724287691841975,-0.6563540908158031,-2.6012116291841987,185000
-1.692660860000001,-1.5800474399999986,-1.7948560200000006,-1.5338317599999984,-1.5734865599999999,-1.4712777799999999,-1.5967384000000004,-1.6443351999999964,-1.7659827400000003,-1.7525847399999999,-1.6405801499999988,0.9767277929963537,-0.6638523570036469,-2.6173079429963555,185100
-1.664254800000001,-1.5688531199999987,-1.7809765400000006,-1.5238157999999986,-1.5597151999999996,-1.4749470599999999,-1.5984134400000005,-1.6334412599999966,-1.7917531800000004,-1.7406549599999996,-1.633682535999999,0.9803093207925921,-0.6533732152074084,-2.6139918567925933,185200
-1.6679293200000012,-1.5405352999999986,-1.7773292600000006,-1.5494198399999988,-1.5608052599999995,-1.4884929599999999,-1.6051445200000005,-1.6220850799999966,-1.7753159800000002,-1.7174777399999996,-1.6304535259999988,0.9796895791650343,-0.6507639468349664,-2.6101431051650352,185300
-1.6845219400000013,-1.5698037399999984,-1.7772719600000004,-1.538454019999999,-1.5556162999999998,-1.49494868,-1.6934272400000006,-1.6358575799999966,-1.7572923400000005,-1.7197297799999995,-1.6426923579999988,0.9902416019427126,-0.6524507560572882,-2.632933959942714,185400
-1.7352075000000013,-1.5610583199999986,-1.7555672000000004,-1.5528818799999988,-1.52097858,-1.5128244000000002,-1.6938657600000004,-1.5941868599999967,-1.7591329200000008,-1.7844946999999995,-1.647019811999999,0.9916479221774571,-0.6553718898225435,-2.6386677341774583,185500
-1.7566127600000012,-1.5797374999999985,-1.7432852000000003,-1.543536319999999,-1.49181624,-1.5537060400000002,-1.7053790600000005,-1.5680774199999967,-1.6876175200000005,-1.7712878199999995,-1.6401055879999986,0.9866327969619383,-0.6534727910380621,-2.6267383849619397,185600
-1.7571097600000014,-1.5599686199999985,-1.7413745600000001,-1.5038893999999987,-1.50795694,-1.5625899400000003,-1.7156875800000007,-1.5734173199999966,-1.7009402200000006,-1.7912067199999993,-1.6414141059999985,0.9919026050036207,-0.6495115009963797,-2.6333167110036224,185700
-1.7523276200000013,-1.5055061999999984,-1.6967909400000003,-1.4991234199999985,-1.52519672,-1.5951757600000003,-1.7111435200000005,-1.5956672199999966,-1.7302034800000003,-1.8172496799999993,-1.6428384559999987,0.9924634942505797,-0.6503749617494208,-2.6353019502505814,185800
-1.7646297200000012,-1.5242993599999983,-1.6616615800000003,-1.4869578799999987,-1.53313076,-1.61219974,-1.6731693200000006,-1.6197238399999963,-1.7246918400000004,-1.8021625999999995,-1.6402626639999986,0.9769873438684755,-0.6632753201315249,-2.6172500078684777,185900
-1.7976941800000013,-1.522772139999998,-1.6402479600000004,-1.4835218599999989,-1.5145712999999998,-1.6764662000000001,-1.6589020200000006,-1.6466445199999964,-1.7187297000000004,-1.8148065199999996,-1.6474356399999985,0.9818793682154185,-0.6655562717845818,-2.629315008215421,186000
-1.8087348200000013,-1.5128575799999981,-1.6435119600000005,-1.4836694599999987,-1.5198537399999998,-1.69654276,-1.6625901200000006,-1.6385850599999963,-1.7297501200000005,-1.7994188399999995,-1.6495514459999985,0.9882469982233242,-0.6613044477766762,-2.637798444223327,186100
-1.7408290400000015,-1.5117254999999983,-1.6844891600000005,-1.4797195999999986,-1.5228086799999998,-1.68402976,-1.6591960800000007,-1.6621514999999962,-1.7522641200000004,-1.7920561999999995,-1.6489269639999984,0.9799322962025898,-0.6689946677974105,-2.628859260202593,186200
-1.7993498600000015,-1.5211667999999983,-1.6705492000000006,-1.4747490999999986,-1.5225752599999998,-1.6828566,-1.644268740000001,-1.6455370999999963,-1.7434155600000003,-1.8140699399999998,-1.6518538159999983,0.9977414773531484,-0.6541123386468519,-2.649595293353152,186300
-1.7795218600000016,-1.5381705999999982,-1.6655838600000008,-1.4903679399999987,-1.4924362399999997,-1.7191852399999998,-1.6498743000000011,-1.6563037399999962,-1.7526346000000002,-1.8104950199999996,-1.6554573399999983,0.9923614861333959,-0.6630958538666043,-2.6478188261334,186400
-1.7744404600000017,-1.4956729799999982,-1.7196994200000006,-1.4554044799999988,-1.4777947599999999,-1.7104032199999997,-1.6688907200000012,-1.6640344199999964,-1.73229162,-1.8595350599999996,-1.6558167139999984,1.002400017939501,-0.6534166960604995,-2.6582167319395045,186500
-1.8028050600000014,-1.5029045599999984,-1.7110641600000005,-1.513992559999999,-1.4789006599999996,-1.6986473599999998,-1.6974631600000012,-1.6299765599999967,-1.7233213,-1.8598420599999994,-1.661891743999998,0.9985010056495287,-0.6633907383504717,-2.660392749649532,186600
-1.7836661400000013,-1.5223566999999987,-1.7069017000000004,-1.5011266199999989,-1.4856185399999995,-1.7260857399999998,-1.7141757200000012,-1.6785033599999966,-1.7075493,-1.9255328199999995,-1.6751516639999984,1.0041243240564817,-0.6710273399435187,-2.679275988056485,186700
-1.7929781600000012,-1.5404407599999987,-1.6978516400000006,-1.508778959999999,-1.4646727999999996,-1.7333386399999997,-1.7603146800000011,-1.6442889799999967,-1.655438,-1.9013247199999994,-1.6699427339999984,1.0087884738837016,-0.661154260116299,-2.678731207883705,186800
-1.8157488000000013,-1.5610301599999987,-1.7047933400000006,-1.5459489199999994,-1.4745214399999997,-1.73227344,-1.7733151200000012,-1.6483092799999965,-1.7101322800000003,-1.9490292399999996,-1.6915102019999984,1.0156596972722494,-0.6758505047277511,-2.707169899272253,186900
-1.8074455000000011,-1.5710418199999987,-1.6868203800000006,-1.546107019999999,-1.4594368799999997,-1.6902170199999997,-1.7397330600000012,-1.6194242399999965,-1.6792429000000004,-1.9298098999999995,-1.6729278719999983,1.0102269099283459,-0.6627009620716549,-2.6831547819283497,187000
-1.8549765000000011,-1.5468159799999988,-1.6936695600000007,-1.5825776999999994,-1.4750861799999995,-1.6988321399999997,-1.7426171000000013,-1.6415472599999965,-1.7005533000000006,-1.9481529799999995,-1.6884828699999983,1.017646254151677,-0.6708366158483234,-2.706129124151681,187100
-1.8253657200000009,-1.5369714599999986,-1.7027332400000008,-1.5947190999999996,-1.4783785999999994,-1.7324391399999999,-1.7104796800000015,-1.6733413799999965,-1.6904324400000008,-1.9208565599999994,-1.6865717319999982,1.0097778127788315,-0.6767939192211692,-2.696349544778836,187200
-1.8976592600000008,-1.5570898399999988,-1.678655320000001,-1.6074168999999996,-1.5008359799999997,-1.72672406,-1.7138678600000015,-1.6760524799999967,-1.6757767800000005,-1.8890024199999997,-1.6923080899999983,1.0074907787377838,-0.6848173112622169,-2.6997988687377883,187300
-1.953818160000001,-1.5703449599999988,-1.6983694800000007,-1.6341627399999996,-1.5126272799999998,-1.6991420599999998,-1.7613511800000012,-1.6885064399999967,-1.6431297400000004,-1.8623228799999996,-1.7023774919999983,1.0075477175978835,-0.6948297744021171,-2.7099252095978876,187400
-1.938529640000001,-1.6014173599999986,-1.6692074400000003,-1.6621242999999994,-1.4337192799999996,-1.72422726,-1.7358894400000011,-1.7383630199999969,-1.6110953400000005,-1.8464200599999996,-1.6960993139999982,1.0080148642205635,-0.6880844497794371,-2.704114178220567,187500
-1.921404180000001,-1.6083637799999986,-1.6580412400000002,-1.6770386799999997,-1.4245774199999997,-1.74147824,-1.7177617000000012,-1.7429991599999968,-1.5888336000000003,-1.9103253999999996,-1.6990823399999981,1.0122391772469617,-0.6868431627530388,-2.7113215172469647,187600
-1.9213676600000007,-1.6211161799999985,-1.7207582600000004,-1.6802547799999998,-1.4261891599999996,-1.71851924,-1.703693520000001,-1.748577979999997,-1.5981653200000006,-1.8926844399999996,-1.703132653999998,1.0094284464471557,-0.6937042075528447,-2.712561100447159,187700
-1.9012667600000008,-1.6080500199999985,-1.6616294800000007,-1.74517766,-1.4178051399999996,-1.71256866,-1.7335365600000012,-1.7069515399999968,-1.6355597800000004,-1.9011952799999998,-1.7023740879999982,1.0051616148963873,-0.6972124731036131,-2.7075357028963913,187800
-1.913913280000001,-1.6258315399999987,-1.6702043200000005,-1.73829598,-1.4177095199999996,-1.7275905800000002,-1.783632060000001,-1.7356453999999968,-1.6312290000000003,-1.9030975999999995,-1.7147149279999983,1.0061998277494084,-0.708515100250592,-2.720914755749413,187900
-1.8973383600000011,-1.6058440999999988,-1.6867748200000006,-1.7110698599999998,-1.4179408599999996,-1.7557841200000002,-1.7130151000000011,-1.6826923799999967,-1.62930846,-1.9081714599999997,-1.7007939519999982,1.0035407845268058,-0.6972531674731944,-2.70433473652681,188000
-1.8523195000000012,-1.5894599799999989,-1.6559562400000005,-1.7191143599999998,-1.3989020799999998,-1.7312741600000001,-1.7406103200000012,-1.6800379999999968,-1.5923574600000001,-1.9482152199999998,-1.6908247319999985,1.0156283190968356,-0.6751964129031645,-2.7064530510968403,188100
-1.886027100000001,-1.6329557399999988,-1.6666844000000003,-1.6852272999999998,-1.4088162599999998,-1.75177496,-1.7389527600000014,-1.7467490999999966,-1.5552651600000003,-1.90510052,-1.6977553299999983,1.0206747186802942,-0.6770806113197058,-2.7184300486802995,188200
-1.904494260000001,-1.6374442999999985,-1.6586750400000003,-1.6411009999999997,-1.3711752199999998,-1.7315157,-1.7748253600000015,-1.7927329199999968,-1.5597933200000003,-1.8958587,-1.6967615819999984,1.0134630298225498,-0.6832985521774502,-2.710224611822555,188300
-1.8739339200000011,-1.6145804599999984,-1.6478450400000002,-1.6699575399999997,-1.39955736,-1.7474756200000003,-1.7999847200000014,-1.788165059999997,-1.5852659000000002,-1.89295654,-1.7019722159999984,1.0161455571874694,-0.6858266588125308,-2.718117773187475,188400
-1.8472863800000012,-1.5899231999999983,-1.6227631200000006,-1.6771568199999998,-1.4281850200000001,-1.7605103200000003,-1.8103890600000012,-1.810697019999997,-1.5784711000000005,-1.8996957799999998,-1.7025077819999985,1.0098216343783368,-0.6926861476216634,-2.7123294163783425,188500
-1.8297147800000013,-1.6019413199999986,-1.6239209000000006,-1.7531305799999999,-1.4072649000000004,-1.7373386800000004,-1.797831560000001,-1.8492806199999967,-1.5800754800000005,-1.8942226599999998,-1.7074721479999986,1.0153825173555997,-0.6920896306444005,-2.7228546653556056,188600
-1.7877549600000011,-1.5947664999999986,-1.5911898400000004,-1.7634133399999998,-1.4161631600000004,-1.8131900600000004,-1.8248127600000013,-1.8312448599999969,-1.5726994600000004,-1.92635638,-1.7121591319999987,1.021635461354252,-0.6905236706457484,-2.733794593354258,188700
-1.8195644200000012,-1.5911427199999988,-1.5622066000000003,-1.7657135,-1.42900142,-1.8429091400000002,-1.8624683000000013,-1.848554299999997,-1.5819018400000002,-1.96622368,-1.7269685919999989,1.0275585030178487,-0.6994100889821516,-2.754527095017855,188800
-1.870808860000001,-1.6703803999999989,-1.5360162200000005,-1.7576437599999999,-1.4327113,-1.8574169600000001,-1.8557256400000015,-1.815233439999997,-1.5779030400000003,-1.95320612,-1.7327045739999989,1.0411381049908643,-0.6915664690091358,-2.7738426789908703,188900
-1.838902820000001,-1.671711319999999,-1.5304472800000004,-1.75048396,-1.4092129199999999,-1.8911221800000002,-1.8506711400000015,-1.8069318199999973,-1.5148828600000002,-1.94637354,-1.721073983999999,1.0362348271756816,-0.6848391568243184,-2.7573088111756876,189000
-1.8976043800000009,-1.6612184599999988,-1.5336456000000005,-1.7865152599999998,-1.4449149399999999,-1.86934392,-1.8510708800000015,-1.735128119999997,-1.5366063400000005,-1.9647312599999998,-1.7280779159999986,1.0159533073728604,-0.7121246086271394,-2.744031223372866,189100
-1.9260802800000008,-1.637021279999999,-1.4478726400000002,-1.7969420600000001,-1.4634577,-1.8776796999999998,-1.8444600000000013,-1.7206043999999971,-1.5348152600000002,-1.9233389399999998,-1.7172272259999986,1.0061354615032279,-0.711091764496772,-2.7233626875032337,189200
-1.9732998800000008,-1.607546399999999,-1.4553360400000002,-1.8109540600000003,-1.41740286,-1.8550196799999998,-1.8853696200000016,-1.7043455799999974,-1.5318254200000003,-1.9640189599999998,-1.7205118499999985,1.0079399503379904,-0.7125718996620095,-2.7284518003379965,189300
-1.9458214000000007,-1.620798399999999,-1.4567932200000004,-1.8116266200000004,-1.4206434199999998,-1.78408908,-1.9086618800000017,-1.7585847399999974,-1.4724330600000004,-1.9613249199999996,-1.7140776739999983,0.9981705953738342,-0.7159070786261656,-2.7122482693738403,189400
-2.0273747600000003,-1.6337811599999992,-1.4621401800000005,-1.8135791600000004,-1.4143251,-1.79244912,-2.0005045200000016,-1.8019967399999972,-1.4605173000000005,-2.0094953399999995,-1.7416163379999983,1.0158769993849939,-0.7257393386150061,-2.7574933373849997,189500
-2.01340214,-1.6655639399999993,-1.4598857800000002,-1.8127414400000004,-1.4240900399999998,-1.79318782,-1.9862967600000017,-1.7856443999999974,-1.4879938400000006,-2.0230892799999998,-1.7451895439999985,1.0094891829911787,-0.7357003610088215,-2.7546787269911848,189600
-2.03918618,-1.6674954999999991,-1.4696670000000003,-1.8167465200000004,-1.4523401199999997,-1.7891898599999998,-2.038009360000002,-1.7943308999999974,-1.4925897600000004,-1.9999078799999999,-1.7559463079999986,1.0171263694356378,-0.7388199385643622,-2.7730726774356436,189700
-2.0374277400000005,-1.6537789399999991,-1.4969229000000004,-1.8486072000000002,-1.4634466399999997,-1.7693932799999998,-2.0249131800000018,-1.8155633799999975,-1.5536862200000003,-2.0308412399999995,-1.7694580719999984,1.0308704019788726,-0.7385876700211278,-2.800328473978878,189800
-2.0089184000000007,-1.6498565799999991,-1.5059611600000005,-1.7942978000000003,-1.4727794399999996,-1.76282008,-2.046720080000002,-1.8402670799999976,-1.5316894000000005,-1.9982339999999996,-1.7611544019999983,1.0178416205688,-0.7433127814312005,-2.7789960225688053,189900
-2.0248025400000005,-1.5860705199999992,-1.4891811800000005,-1.8012249600000003,-1.4852988799999998,-1.7856096799999996,-2.000445400000002,-1.8504084999999975,-1.5219985000000003,-2.01748592,-1.7562526079999983,1.0033891481957165,-0.7528634598042839,-2.759641756195722,190000
-2.0078612400000004,-1.5900644199999994,-1.4929461800000003,-1.7519917800000004,-1.49864922,-1.7918886599999997,-2.031675560000002,-1.8440326799999973,-1.5150188800000004,-1.9692008399999998,-1.7493329459999984,1.0055162703121374,-0.743816675687863,-2.7548492163121425,190100
-2.0185566200000005,-1.6355401399999994,-1.5370270800000003,-1.7571515200000005,-1.4962512599999997,-1.7779905399999996,-2.046056460000002,-1.8359961199999975,-1.5090327200000002,-2.00941426,-1.7623016719999984,1.0078368801899968,-0.7544647918100036,-2.7701385521900024,190200
-2.02404076,-1.6887441999999993,-1.5485980000000004,-1.7371601600000006,-1.5169799799999995,-1.7632968799999995,-2.033409980000002,-1.8486176599999973,-1.4964406000000003,-2.06199642,-1.7719284639999984,1.0175341560364726,-0.7543943079635279,-2.789462620036478,190300
-2.0179628600000004,-1.7050585599999994,-1.5763678000000005,-1.7603740200000004,-1.5334551999999995,-1.7692049599999993,-1.959109780000002,-1.8209094399999972,-1.5329157800000002,-2.01112388,-1.7686482279999984,1.0045933072085826,-0.7640549207914179,-2.7732415352085877,190400
-1.9719995200000004,-1.708042119999999,-1.5769736200000006,-1.7151804600000005,-1.5760347399999992,-1.7779969999999992,-1.9056241400000018,-1.8358513799999971,-1.5357509600000003,-1.9509398399999998,-1.7554393779999984,0.999291312308614,-0.7561480656913865,-2.7547306903086195,190500
-2.0371075400000005,-1.689873419999999,-1.5811642600000007,-1.6819051600000006,-1.5884481199999994,-1.766624699999999,-1.9237302400000018,-1.8381013599999971,-1.5661949800000006,-1.95036858,-1.7623518359999986,1.006555895462846,-0.7557959405371548,-2.7689077314628516,190600
-2.0512978800000004,-1.690529919999999,-1.5700318200000007,-1.7314169200000007,-1.5855514399999995,-1.749253479999999,-1.8953285200000016,-1.8150817799999972,-1.5573785800000004,-1.9308602400000001,-1.7576730579999986,1.0055790292521656,-0.752094028747835,-2.763252087252171,190700
-2.0180823800000005,-1.7197751399999992,-1.6086385200000006,-1.7157292000000006,-1.5602785399999994,-1.7224894199999992,-1.9412391600000019,-1.8159307799999973,-1.5374881800000006,-1.8764607,-1.7516112019999985,1.0042323172965109,-0.74737888470349,-2.7558435192965156,190800
-2.0144689000000007,-1.7490546799999993,-1.5926628800000007,-1.7595040800000006,-1.5433113399999994,-1.728797279999999,-1.9037870400000017,-1.8080729999999974,-1.6208811200000006,-1.8613262,-1.7581866519999985,1.0303853915535606,-0.7278012604464403,-2.7885720435535655,190900
-1.9525197800000003,-1.7693711999999993,-1.6124642000000007,-1.7501401800000007,-1.5488000799999995,-1.7058865999999993,-1.9009711000000018,-1.8005167999999976,-1.6162301000000006,-1.84350024,-1.7500400279999988,1.0230781958200699,-0.7269618321799309,-2.773118223820075,191000
-1.9257068400000004,-1.7998927399999993,-1.6025077800000005,-1.7298981800000006,-1.5551903399999996,-1.6912917199999993,-1.941124500000002,-1.8401488999999975,-1.5634686800000006,-1.8395464400000001,-1.748877611999999,1.02806311578427,-0.7208144962157309,-2.776940727784275,191100
-1.9765754400000004,-1.8097068399999992,-1.6598450400000004,-1.7730594800000008,-1.5502225199999995,-1.6854048599999993,-1.943150460000002,-1.8775783999999975,-1.5311485600000005,-1.80914512,-1.761583671999999,1.0497287341365025,-0.7118549378634982,-2.811312406136507,191200
-1.8753566000000004,-1.808537119999999,-1.6476632000000004,-1.7574129600000008,-1.5680221599999995,-1.6652948399999992,-1.9477221200000019,-1.9207040799999975,-1.5196931400000004,-1.776975,-1.748738121999999,1.0359779934934084,-0.7127601285065924,-2.7847161154934126,191300
-1.8456809400000003,-1.8082007399999993,-1.6183094400000002,-1.7359730800000008,-1.5688944599999997,-1.7065897999999993,-1.929826560000002,-1.9765418199999976,-1.5403834200000006,-1.8025286,-1.753292885999999,1.0493461967389095,-0.7039466892610912,-2.802639082738914,191400
-1.9129904000000002,-1.8411248799999993,-1.5991183600000003,-1.7556293000000007,-1.5652045199999998,-1.7195605199999995,-1.9520195400000018,-1.9607805399999976,-1.5512473400000004,-1.74224842,-1.7599923819999992,1.0450298239748472,-0.7149625580251535,-2.805022205974851,191500
-1.8974830800000004,-1.8538965199999993,-1.6295513000000001,-1.699947400000001,-1.5596550599999999,-1.7192559999999995,-1.9365752400000016,-1.9777473799999974,-1.5828536200000005,-1.7099643599999999,-1.7566929959999993,1.0440015498389943,-0.7126914461610064,-2.800694545838998,191600
-1.8624017800000003,-1.828960999999999,-1.6498237000000002,-1.713366660000001,-1.5486386199999997,-1.7381108599999997,-1.9272857600000017,-1.9046708999999973,-1.6084204400000004,-1.6438264999999999,-1.7425506219999993,1.0368586839229392,-0.7056919380770615,-2.779409305922943,191700
-1.8728291600000007,-1.8595039199999988,-1.6602768000000003,-1.6882314600000012,-1.5319984199999996,-1.7291375599999999,-1.8979868200000019,-1.9081016599999971,-1.6019094400000002,-1.6458867999999998,-1.7395862039999994,1.0381518741903448,-0.7014343298096558,-2.7777380781903487,191800
-1.8698440800000007,-1.837472759999999,-1.6604373400000003,-1.6793643600000012,-1.5067633199999995,-1.7512326399999998,-1.8872024600000017,-2.0031985599999973,-1.5398289000000003,-1.6128870999999998,-1.7348231519999997,1.050559188615672,-0.6842639633843287,-2.7853823406156755,191900
-1.8695662600000005,-1.8169941399999987,-1.68465864,-1.6576972000000012,-1.5137578799999993,-1.7510968799999997,-1.9049833200000017,-2.074778279999997,-1.5316585400000002,-1.6412391999999998,-1.7446430339999999,1.0616922988000446,-0.6829507351999561,-2.806335332800048,192000
-1.8339775400000005,-1.8411618999999988,-1.6961449400000002,-1.6278754600000012,-1.5244916799999997,-1.7395710799999997,-1.8919677600000018,-2.0871430399999973,-1.4806703600000004,-1.6452026399999997,-1.7368206399999997,1.046616414123826,-0.6902042258761745,-2.7834370541238296,192100
-1.8532316600000005,-1.8444877199999987,-1.6783347,-1.615921100000001,-1.5856210999999996,-1.7159374399999998,-1.8794266200000018,-2.0956188999999976,-1.4781773400000002,-1.7044121999999995,-1.7451168779999997,1.058482639504882,-0.6866342384951184,-2.803599517504886,192200
-1.8590754400000002,-1.8774899599999986,-1.72241288,-1.616684800000001,-1.5689066199999997,-1.7250173599999996,-1.9021918000000015,-2.093351579999997,-1.4861087400000006,-1.7055584199999996,-1.7556797599999996,1.064402297348207,-0.6912774626517936,-2.820082057348211,192300
-1.8123683000000002,-1.8414115399999986,-1.6943766000000002,-1.6050486200000011,-1.5914452999999995,-1.7217023999999999,-1.9003229200000018,-2.1340302999999974,-1.5086270800000006,-1.7217001399999996,-1.7531033199999997,1.0653734096438892,-0.6877299103561113,-2.8184767296438933,192400
-1.8140666000000005,-1.8204506399999985,-1.6302325800000004,-1.5975896000000012,-1.6436293799999993,-1.6618610999999999,-1.9245547400000018,-2.068445719999997,-1.5263228200000005,-1.7099740599999995,-1.7397127239999997,1.0495186866761654,-0.6901940373238351,-2.78923141067617,192500
-1.8291034000000004,-1.8482987199999985,-1.64089726,-1.6311809200000011,-1.6884859999999995,-1.61804548,-1.902297480000002,-2.109249559999997,-1.5359345800000006,-1.6502187399999997,-1.7453712139999995,1.044144751768173,-0.7012264622318277,-2.789515965768177,192600
-1.9417958400000006,-1.8223079799999986,-1.6130777200000004,-1.636027500000001,-1.6617747599999995,-1.6819956999999999,-1.8860237600000023,-2.0905626799999975,-1.5067380200000005,-1.6304282799999996,-1.7470732239999998,1.0629485430917793,-0.6841246809082213,-2.810021767091784,192700
-1.9452995800000006,-1.7945356199999984,-1.6335113,-1.6155986600000012,-1.6326900399999997,-1.68592774,-1.8710445600000023,-2.1583979399999977,-1.4777941600000006,-1.6454593599999996,-1.7460258959999997,1.066508727910063,-0.6795171680899378,-2.8125346239100675,192800
-1.9412718000000004,-1.7771867399999983,-1.60691584,-1.614897480000001,-1.6164049999999994,-1.68288164,-1.8243565000000024,-2.1652548799999973,-1.4839382200000006,-1.6240354199999996,-1.7337143519999996,1.0656905858473396,-0.6680237661526612,-2.799404937847344,192900
-1.9643038400000004,-1.7315369199999981,-1.5770212999999997,-1.6656568400000011,-1.6626947399999994,-1.66343998,-1.8699267200000023,-2.1798904999999977,-1.4648332400000006,-1.6299116199999995,-1.7409215699999994,1.0654045571455801,-0.6755170128544203,-2.806326127145584,193000
-1.9542243000000001,-1.733762619999998,-1.5983296999999999,-1.681754160000001,-1.6693292199999994,-1.71836618,-1.8542832800000022,-2.1634528999999976,-1.5145881000000005,-1.5848634599999993,-1.7472953919999992,1.0616937305837446,-0.685601661416256,-2.808989122583749,193100
-1.9364675800000004,-1.6889700199999982,-1.59184226,-1.6599242200000008,-1.6414740599999993,-1.6486821600000001,-1.877071200000002,-2.094162539999998,-1.5138963200000006,-1.6208244599999992,-1.7273314819999994,1.053608600112331,-0.6737228818876695,-2.7809400821123353,193200
-1.9253937400000003,-1.6942101399999983,-1.59131494,-1.621359900000001,-1.6333909399999993,-1.67580642,-1.8343912200000019,-2.045402879999998,-1.5097388800000007,-1.6233058999999992,-1.7154314959999994,1.0492676948734547,-0.6661638011265457,-2.7646991908734595,193300
-1.9539717200000004,-1.7234316199999984,-1.65213622,-1.616192100000001,-1.6630018599999992,-1.65625216,-1.848913880000002,-2.0188992799999976,-1.5028458400000004,-1.6791864399999992,-1.7314831119999994,1.0563255374155482,-0.6751575745844522,-2.7878086494155525,193400
-1.9681922600000004,-1.7140869799999985,-1.61211712,-1.640502880000001,-1.6805816599999992,-1.66007922,-1.851562600000002,-2.0253492199999976,-1.5140758000000005,-1.6689290599999993,-1.7335476799999991,1.0621606881494032,-0.6713869918505972,-2.7957083681494073,193500
-1.9971193200000004,-1.7067767599999986,-1.6424925,-1.604309340000001,-1.6460065999999989,-1.69549924,-1.8301225600000022,-1.995741819999998,-1.4992133400000003,-1.6523373799999994,-1.7269618859999991,1.0530530302069285,-0.6739088557930719,-2.780014916206932,193600
-2.0076076600000006,-1.7254233999999986,-1.6395159799999999,-1.578460240000001,-1.631289139999999,-1.6488733000000002,-1.790141140000002,-1.9962854199999978,-1.4911512200000003,-1.6585885399999993,-1.716733603999999,1.042511204564575,-0.6742223994354256,-2.7592448085645787,193700
-1.9654793800000006,-1.7258786799999983,-1.65459252,-1.5628378800000007,-1.625065399999999,-1.6095590600000003,-1.7470731000000022,-1.9781414799999977,-1.4866674400000006,-1.6347074399999995,-1.6990002379999987,1.0400843207849773,-0.6589159172150234,-2.739084558784981,193800
-1.9196815000000003,-1.6596893799999983,-1.7016110199999996,-1.5563372000000006,-1.6101916399999994,-1.6360573200000001,-1.7652369800000018,-1.9782091599999976,-1.5096264000000006,-1.6759106399999997,-1.7012551239999987,1.032952908588571,-0.6683022154114296,-2.734208032588575,193900
-1.9528528800000005,-1.6536792399999982,-1.71303726,-1.5800464600000006,-1.6343857199999994,-1.6105858400000002,-1.7822836600000018,-1.9734590999999975,-1.5437757000000005,-1.6462849799999995,-1.709039083999999,1.0314391270783132,-0.6775999569216876,-2.7404782110783175,194000
-1.9311195000000003,-1.6715313599999981,-1.7127797200000001,-1.5373281200000006,-1.6148652999999993,-1.5839260800000003,-1.803869480000002,-1.9413177399999972,-1.5124807200000003,-1.6669145199999995,-1.6976132539999989,1.0292425243480345,-0.6683707296519663,-2.726855778348039,194100
-1.9424965400000005,-1.6623958999999982,-1.73457648,-1.5413228400000003,-1.6035202199999992,-1.5735873000000005,-1.835712040000002,-1.948952739999997,-1.5224411000000004,-1.6698573199999993,-1.703486247999999,1.0358298027634114,-0.6676564452365892,-2.739316050763416,194200
-1.9409082800000008,-1.6578766599999981,-1.77454478,-1.5280908400000002,-1.6399133599999993,-1.5715399000000005,-1.7863928200000019,-1.9562120399999972,-1.5450888400000002,-1.625392759999999,-1.702596027999999,1.0370247631343792,-0.6655712648656216,-2.7396207911343837,194300
-1.9890316800000007,-1.6912093799999983,-1.77477862,-1.6210882599999998,-1.6530683799999994,-1.5811814400000004,-1.7535435800000019,-1.9228237199999973,-1.5889238800000003,-1.6789758199999991,-1.725462475999999,1.0518921323703978,-0.6735703436296028,-2.7773546083704024,194400
-1.9325422200000009,-1.6756850199999982,-1.7215566999999998,-1.61414818,-1.6468667199999996,-1.5939058800000003,-1.6390813800000017,-1.8839244999999973,-1.5995494400000003,-1.6885915799999993,-1.699585161999999,1.036679462203677,-0.6629056997963235,-2.7362646242036823,194500
-1.888405020000001,-1.6781530599999983,-1.67566782,-1.6771111200000002,-1.6931522999999995,-1.5929765400000002,-1.635670080000002,-1.8977920199999974,-1.5984559000000005,-1.6384197999999992,-1.697580365999999,1.0464625703595518,-0.6511177956404488,-2.744042936359557,194600
-1.847222860000001,-1.7037870199999983,-1.6902663199999999,-1.6760507400000002,-1.6734362199999995,-1.6078456600000002,-1.5948838000000018,-1.8830166799999974,-1.6118752800000005,-1.6576453199999992,-1.694602989999999,1.0359643414498358,-0.6586386485501647,-2.7305673314498415,194700
-1.851688800000001,-1.6873848199999983,-1.6721269599999997,-1.6028418200000005,-1.6385967599999995,-1.62622718,-1.5979280800000017,-1.9325664399999973,-1.5627901800000004,-1.6397845199999992,-1.6811935559999993,1.0323205337501498,-0.6488730222498508,-2.7135140897501553,194800
-1.8751183600000008,-1.6970685399999985,-1.6617566199999996,-1.6130224200000003,-1.6672846799999996,-1.61579756,-1.587346240000002,-1.9130013999999975,-1.5722401000000006,-1.6144363199999991,-1.6817072239999993,1.0306861884122107,-0.6510210355877897,-2.712393412412216,194900
-1.8559463400000007,-1.7241174999999984,-1.7008228399999996,-1.6532909200000003,-1.6505974999999997,-1.6120369600000002,-1.5949000000000018,-1.9321809999999973,-1.5686477400000007,-1.6061852199999993,-1.6898726019999992,1.0364647502519866,-0.6534078517480139,-2.726337352251992,195000
-1.8679971600000007,-1.6983946399999983,-1.6724773199999996,-1.6717709000000003,-1.6399094599999997,-1.6435931400000001,-1.5579831600000018,-1.8871927199999974,-1.5653267200000005,-1.6295667999999992,-1.683421201999999,1.027213052028746,-0.6562081499712545,-2.710634254028751,195100
-1.8705684200000008,-1.6457264799999982,-1.6307595999999995,-1.66941266,-1.6371247799999997,-1.6712605000000003,-1.5582785400000017,-1.9028624799999974,-1.5474049400000007,-1.6100965799999991,-1.6743494979999989,1.0209612598215956,-0.653388238178405,-2.6953107578216007,195200
-1.830288960000001,-1.6294828599999982,-1.6343740799999995,-1.68845854,-1.6248435799999998,-1.6543167600000002,-1.5850678000000018,-1.8729977799999975,-1.5769006400000007,-1.570411939999999,-1.6667142939999988,1.014252147650895,-0.6524621463491053,-2.6809664416509005,195300
-1.817751380000001,-1.6113603599999982,-1.6578601199999994,-1.66017492,-1.6127351199999997,-1.6680930600000001,-1.5653478400000018,-1.8843509599999977,-1.5262602800000005,-1.579842079999999,-1.6583776119999987,1.0183680392584602,-0.64000957274154,-2.6767456512584658,195400
-1.8538201000000007,-1.6252485999999984,-1.6885983599999994,-1.67047182,-1.56126536,-1.6597223000000003,-1.5890505800000019,-1.8295277199999975,-1.5540950200000005,-1.5806358999999992,-1.6612435759999988,1.017270208151864,-0.6439733678481362,-2.6785137841518694,195500
-1.7722986800000007,-1.6363994999999987,-1.6876464399999995,-1.6644978999999998,-1.5775586399999997,-1.6343348400000002,-1.5813465200000019,-1.8238500999999976,-1.5357261200000005,-1.613308559999999,-1.6526967299999986,1.0125257947330566,-0.6401709352669437,-2.665222524733062,195600
-1.7331114400000007,-1.6740511399999987,-1.7173792799999996,-1.6378231799999998,-1.5718011599999997,-1.6325756600000003,-1.581728840000002,-1.8499731799999974,-1.5437150600000005,-1.598860739999999,-1.6541019679999984,1.0111003834789434,-0.6430015845210568,-2.665202351478949,195700
-1.7442729000000008,-1.6456741799999983,-1.6937238799999994,-1.6693492999999997,-1.59317782,-1.6330978200000001,-1.5369916200000022,-1.8239911199999974,-1.5591539000000003,-1.6810078399999988,-1.6580440379999986,1.018651267344632,-0.6393927706553683,-2.676695305344637,195800
-1.7910915200000008,-1.6711414399999984,-1.6946557599999994,-1.6935184999999995,-1.61764682,-1.6071846600000004,-1.5353458600000025,-1.8279764999999975,-1.4717189000000002,-1.6968717799999988,-1.6607151739999986,1.0120920478302993,-0.6486231261697012,-2.6728072218303045,195900
-1.7892716400000008,-1.6555645999999984,-1.6997968599999993,-1.7008427799999994,-1.6028205799999997,-1.5917822000000004,-1.5388070400000025,-1.7944067999999973,-1.47738166,-1.6973476199999988,-1.6548021779999984,1.0139765297427186,-0.6408256482572817,-2.6687787077427236,196000
-1.8234028000000009,-1.6483313599999985,-1.7126897799999992,-1.7418373599999994,-1.6268622199999998,-1.5977746000000002,-1.5070930200000023,-1.7886595799999971,-1.4894999199999999,-1.7663575399999987,-1.6702508179999984,1.0109699079706724,-0.6592809100293282,-2.6812207259706775,196100
-1.7851498200000009,-1.6461664999999988,-1.6471528399999995,-1.6819540399999995,-1.6573440199999998,-1.6054128000000003,-1.5391955400000024,-1.724377599999997,-1.53411682,-1.822740099999999,-1.6643610079999982,0.9919920581199697,-0.6723689498800307,-2.6563530661199746,196200
-1.8137047800000008,-1.6211336999999986,-1.6782421999999995,-1.6887405199999994,-1.6920459399999999,-1.6167366800000005,-1.5393646600000022,-1.732764659999997,-1.53187714,-1.8579758599999991,-1.677258613999998,0.9931538059233905,-0.6841048080766099,-2.670412419923396,196300
-1.8089203800000007,-1.5917239599999986,-1.8173024199999994,-1.7053023199999995,-1.7389395599999997,-1.5603863400000006,-1.5199545600000022,-1.7204086999999972,-1.5116674,-1.8428509199999992,-1.681745655999998,1.007441388514031,-0.6743042674859696,-2.689187044514036,196400
-1.7809711000000008,-1.5763532999999983,-1.7854522399999992,-1.7128625399999995,-1.7182796399999998,-1.5340021000000004,-1.4803106000000021,-1.7716053199999973,-1.5322565600000002,-1.8581941799999993,-1.675028757999998,1.0024633558269453,-0.6725654021730553,-2.67749211382695,196500
-1.7722240000000005,-1.5405386799999983,-1.7799374599999993,-1.7391103399999994,-1.69748054,-1.5361285600000003,-1.4863725600000022,-1.7498958999999974,-1.51061858,-1.8395289599999995,-1.665183557999998,1.0026841456555116,-0.6624994123444888,-2.6678677036555167,196600
-1.7689536800000005,-1.5285076199999983,-1.7919509799999995,-1.7085556999999993,-1.68169898,-1.5307256200000001,-1.480712000000002,-1.7519007799999975,-1.46391222,-1.8479293999999995,-1.655484697999998,0.9998614996033911,-0.6556231983966092,-2.6553461976033965,196700
-1.7141510800000004,-1.4636896199999985,-1.7842222599999993,-1.7050152599999993,-1.70771762,-1.5177117999999998,-1.449435280000002,-1.7631493599999977,-1.46993358,-1.8667052599999996,-1.644173111999998,0.9942746404289714,-0.6498984715710289,-2.638447752428977,196800
-1.6961449800000004,-1.4676781399999985,-1.8298213799999994,-1.6782905799999994,-1.73341412,-1.5041685799999995,-1.4314601800000022,-1.6683938599999977,-1.4806737799999998,-1.8913254599999996,-1.6381371059999978,0.9783766364033581,-0.6597604695966421,-2.616513742403364,196900
-1.6817182800000003,-1.4987198999999987,-1.8447883799999993,-1.6789983999999996,-1.73076648,-1.5391470799999996,-1.3807075000000024,-1.6199244999999975,-1.5519134799999998,-1.9000103399999997,-1.6426694339999977,0.9695484848479032,-0.6731209491520971,-2.612217918847909,197000
-1.6484750400000003,-1.4816052599999987,-1.8888223399999993,-1.7161287999999997,-1.75226306,-1.5570946399999996,-1.3900005200000023,-1.5925687599999976,-1.5894556199999996,-1.91902136,-1.6535435399999978,0.9778886326488339,-0.6756549073511664,-2.6314321726488394,197100
-1.6068866200000005,-1.4957291199999987,-1.8979316799999992,-1.7262863199999996,-1.6790467599999999,-1.5643958599999996,-1.3822325400000022,-1.5577047599999974,-1.6018131999999996,-1.8821505600000001,-1.6394177419999978,0.9697632953295126,-0.6696544466704877,-2.609181037329518,197200
-1.5535188400000006,-1.5295507199999987,-1.8705599599999994,-1.7401197199999996,-1.7129329999999998,-1.5411083399999999,-1.362470140000002,-1.5847617599999975,-1.6493461599999995,-1.8770049,-1.642137353999998,0.9663005521659008,-0.6758368018340994,-2.6084379061659058,197300
-1.5767943800000006,-1.5147360199999986,-1.8931026199999994,-1.7573711599999995,-1.71829416,-1.5694531999999999,-1.326017280000002,-1.5302267799999976,-1.6454086599999993,-1.88700678,-1.6418411039999978,0.9594191053156612,-0.682421998684339,-2.6012602093156665,197400
-1.5715916600000006,-1.5343411999999987,-1.8822863199999995,-1.7530498199999998,-1.667781,-1.5680850599999996,-1.3186895800000018,-1.5345654399999975,-1.6533235199999996,-1.92576196,-1.6409475559999978,0.9563425908748533,-0.6846049651251468,-2.5972901468748586,197500
-1.5722663200000004,-1.5166259799999988,-1.8749017799999996,-1.7214050599999995,-1.6273581399999997,-1.5718444599999994,-1.3233252200000019,-1.4834812599999976,-1.6443242399999998,-1.92637994,-1.6261912399999978,0.9479482169668022,-0.678243023033198,-2.5741394569668072,197600
-1.4643353800000005,-1.5110179999999989,-1.8670484199999995,-1.7658907199999996,-1.6249948799999998,-1.5078524199999996,-1.3461234800000017,-1.5519097999999973,-1.6686321999999996,-1.9482344,-1.6256039699999976,0.9358492883582683,-0.6897546816417318,-2.5614532583582736,197700
-1.4492676000000007,-1.5012160199999989,-1.8791741799999997,-1.7898865999999996,-1.6515027199999996,-1.4884685799999997,-1.3289883000000018,-1.4878065799999973,-1.6554887399999996,-1.9247597,-1.6156559019999976,0.9340224463265249,-0.6816334556734752,-2.54967834832653,197800
-1.4947406400000005,-1.4994781599999987,-1.8792107799999997,-1.8134999599999995,-1.6803840599999997,-1.4961778199999995,-1.3403623800000017,-1.4375351799999976,-1.6531935199999994,-1.9379184400000002,-1.623250093999998,0.9391264566778736,-0.6841236373221264,-2.562376550677879,197900
-1.4741730600000005,-1.5015564599999989,-1.8693071799999998,-1.7871322399999994,-1.6936485799999996,-1.4960973399999995,-1.3533438000000018,-1.4321413599999975,-1.6524212199999997,-1.93684118,-1.619666241999998,0.9415940062852506,-0.6780722357147495,-2.5612602482852562,198000
-1.5029998800000006,-1.507571799999999,-1.8569197199999998,-1.7781299999999995,-1.7161506199999998,-1.4444853599999994,-1.3169661600000018,-1.4447221999999973,-1.6066717999999998,-1.91781216,-1.6092429699999982,0.9296249558383368,-0.6796180141616633,-2.5388679258383426,198100
-1.4792664800000006,-1.5064314999999988,-1.84415094,-1.86251168,-1.73113768,-1.4663480199999994,-1.2860981400000018,-1.4637726599999974,-1.5931624399999995,-1.8748560400000003,-1.6107735579999982,0.9372191483634823,-0.673554409636518,-2.547992706363488,198200
-1.4925187200000005,-1.500412339999999,-1.8158630000000002,-1.8691482999999998,-1.71968174,-1.4498297999999996,-1.3198643200000018,-1.532356339999997,-1.6060304599999995,-1.9211499400000003,-1.6226854959999983,0.9483211059400518,-0.6743643900599484,-2.5710066019400575,198300
-1.4989097800000004,-1.5087028399999989,-1.7637195600000002,-1.8730086999999997,-1.6597722400000001,-1.4479793799999998,-1.2890613600000018,-1.5567381599999974,-1.5766804599999995,-1.8908748200000003,-1.6065447299999982,0.9444224672735292,-0.6621222627264709,-2.550967197273535,198400
