widowx_reacher-v7:
  ent_coef: 5.767989936188226e-06
  gamma: 0.95
  learning_rate: 0.002
  lr: 0.6361100701718335
  lr_schedule: constant
  n_envs: 8
  n_steps: 32
  n_timesteps: 1000000.0
  normalize: true
  policy: MlpPolicy
  vf_coef: 0.21992631903626592
