widowx_reacher-v5:
  cliprange: 0.3
  ent_coef: 0.004507482802317943
  gamma: 0.999
  lam: 0.8
  learning_rate: 0.012856704951056681
  n_envs: 8
  n_steps: 512
  n_timesteps: 1000000.0
  nminibatches: 2
  noptepochs: 20
  normalize: true
  policy: MlpPolicy
