batch_size: 256
cliprange: 0.3
ent_coef: 0.004507482802317943
gamma: 0.999
lamdba: 0.8
lr: 0.012856704951056681
n_steps: 512
noptepochs: 20
