widowx_reacher-v5:
  batch_size: 64
  cliprange: 0.2
  ent_coef: 0.07930061358541166
  gamma: 0.99
  lam: 0.95
  lamdba: 0.99
  learning_rate: 0.00025
  lr: 0.008527666881833271
  n_envs: 8
  n_steps: 512
  n_timesteps: 1000000.0
  nminibatches: 32
  noptepochs: 50
  normalize: true
  policy: MlpPolicy
