ent_coef: 0.0008258690735517067
gamma: 0.98
lr: 0.0059178367969892134
lr_schedule: constant
n_steps: 256
vf_coef: 0.6587254390005632
