widowx_reacher-v6:
  batch_size: 128
  buffer_size: 10000
  gamma: 0.9999
  goal_selection_strategy: future
  learning_rate: 0.001
  learning_starts: 1000
  lr: 2.465617656214891e-05
  model_class: td3
  n_sampled_goal: 4
  n_timesteps: 25000.0
  noise_std: 0.9088912514650789
  noise_type: normal
  policy: MlpPolicy
  random_exploration: 0.5533817222350345
  train_freq: 1
