batch_size: 256
buffer_size: 10000
ent_coef: auto
gamma: 0.99
learning_starts: 20000
lr: 0.001025699215141441
n_sampled_goal: 1
net_arch: medium
random_exploration: 0.642423627812771
target_entropy: auto
train_freq: 1
