widowx_reacher-v5:
  ent_coef: 0.01712665675930629
  gamma: 0.9
  learning_rate: 0.002
  lr: 0.18124458248476055
  lr_schedule: constant
  n_envs: 8
  n_steps: 8
  n_timesteps: 1000000.0
  normalize: true
  policy: MlpPolicy
  vf_coef: 0.08492398017263125
