ent_coef: 2.285916488719256e-06
gamma: 0.995
lr: 0.03190572416806629
lr_schedule: linear
n_steps: 256
vf_coef: 0.5445581802114955
