widowx_reacher-v5:
  ent_coef: 2.8248618994244886e-08
  gamma: 0.99
  learning_rate: 0.002
  lr: 0.05253399083367626
  lr_schedule: linear
  n_envs: 8
  n_steps: 2048
  n_timesteps: 1000000.0
  normalize: true
  policy: MlpPolicy
  vf_coef: 0.21903374671252315
