widowx_reacher-v5:
  batch_size: 32
  cliprange: 0.2
  ent_coef: 0.0006034542468585707
  gamma: 0.95
  lam: 0.95
  lamdba: 0.92
  learning_rate: 0.00025
  lr: 7.470141950589042e-05
  n_envs: 8
  n_steps: 32
  n_timesteps: 1000000.0
  nminibatches: 32
  noptepochs: 50
  normalize: true
  policy: MlpPolicy
