batch_size: 32
cliprange: 0.2
ent_coef: 0.0006034542468585707
gamma: 0.95
lamdba: 0.92
lr: 7.470141950589042e-05
n_steps: 32
noptepochs: 50
