batch_size: 256
gamma: 0.999
lr: 1.0066416439777964e-05
memory_limit: 100000
noise_std: 0.4711262569121476
noise_type: adaptive-param
normalize_observations: true
normalize_returns: true
