widowx_reacher-v5:
  ent_coef: 0.03717624615376253
  gamma: 0.9
  learning_rate: 0.09867843295518477
  lr_schedule: constant
  n_envs: 8
  n_steps: 1024
  n_timesteps: 1000000.0
  normalize: true
  policy: MlpPolicy
  vf_coef: 0.6423714510751249
