widowx_reacher-v5:
  ent_coef: 1.3592260616254783e-08
  gamma: 0.999
  learning_rate: 0.002
  lr: 2.4082149022198272e-05
  lr_schedule: linear
  n_envs: 8
  n_steps: 1024
  n_timesteps: 1000000.0
  normalize: true
  policy: MlpPolicy
  vf_coef: 0.012042089435780112
