widowx_reacher-v7:
  batch_size: 256
  cliprange: 0.3
  ent_coef: 9.960211103753452e-06
  gamma: 0.95
  lam: 0.95
  lamdba: 0.98
  learning_rate: 0.00025
  lr: 0.01200853885461077
  n_envs: 8
  n_steps: 64
  n_timesteps: 1000000.0
  nminibatches: 32
  noptepochs: 20
  normalize: true
  policy: MlpPolicy
