widowx_reacher-v7:
  cg_damping: 2.35e-05
  cg_iters: 10
  ent_coef: 1.6261792880977647e-08
  entcoeff: 0.01118
  gamma: 0.9999
  lam: 0.9
  lamdba: 0.99
  max_kl: 1.3228450829057356e-06
  n_timesteps: 300000.0
  policy: MlpPolicy
  timesteps_per_batch: 2048
  vf_iters: 10
  vf_stepsize: 0.03755429324149827
