widowx_reacher-v5:
  ent_coef: 0.07821181122355106
  gamma: 0.95
  learning_rate: 0.06
  lr: 1.658478122117776e-05
  lr_schedule: linear
  n_envs: 8
  n_steps: 32
  n_timesteps: 2000000.0
  normalize: true
  policy: MlpPolicy
  vf_coef: 0.7137703436400885
